run	nodes	geneid	local_outdegree_centrality	local_betweenness_centrality	outdegree_centrality	betweenness_centrality	community	community_size	rank_betweenness	rank_outdegree	rank_local_betweenness	rank_local_outdegree
1	431	Shox2	0.12558139534883722	0.0036266059521873474	0.20232558139534884	0.0275979834119369	1	105	4.0	3.0	1.0	3.0
1	431	Kcnip3	0.12558139534883722	0.003767550279178186	0.15813953488372093	0.022280045535859487	0	123	10.0	7.0	4.0	1.0
1	431	Tlx3	0.09534883720930232	0.0013823385916409171	0.1372093023255814	0.013145768959722448	1	105	32.0	12.0	10.0	10.0
1	431	Phox2a	0.06976744186046512	0.0008294031549845503	0.1	0.026638477801268497	1	105	6.0	33.0	25.0	14.0
1	431	Isl1	0.05581395348837209	0.000287309589635171	0.10930232558139535	0.007377893424405052	0	123	67.0	25.0	37.0	21.0
1	431	Six3	0.06511627906976744	0.0012956036211850164	0.11627906976744186	0.014213693283460725	0	123	28.0	20.0	16.0	17.0
1	413	Shox2	0.10436893203883495	0.002309073299789762	0.17961165048543687	0.025435239647556278	2	82	6.0	3.0	2.0	3.0
1	413	Kcnip3	0.1116504854368932	0.004322868684005386	0.1383495145631068	0.02356317766281624	0	106	7.0	7.0	2.0	1.0
1	413	Tlx3	0.0849514563106796	0.0013819006448869675	0.12135922330097086	0.014391845605083504	2	82	37.0	12.0	8.0	6.0
1	413	Phox2a	0.058252427184466014	0.0005492169229678974	0.08252427184466019	0.010996149575980912	2	82	48.0	38.0	21.0	15.0
1	413	Isl1	0.04126213592233009	0.0001299222828526209	0.10194174757281553	0.006502019700942527	4	59	92.0	20.0	27.0	9.0
1	413	Six3	0.050970873786407765	0.0014586729029362434	0.10194174757281553	0.018153686249498025	0	106	24.0	20.0	15.0	22.0
1	395	Shox2	0.09644670050761421	0.0017437129460998954	0.1548223350253807	0.028635641492618283	2	77	3.0	3.0	3.0	2.0
1	395	Kcnip3	0.09898477157360405	0.004559486444246393	0.12690355329949238	0.029688327456374886	0	97	2.0	4.0	1.0	1.0
1	395	Tlx3	0.07868020304568528	0.0011237261208199326	0.11167512690355329	0.012354529132922593	2	77	51.0	11.0	9.0	7.0
1	395	Phox2a	0.053299492385786795	0.00043915733457330696	0.07868020304568528	0.009674377752806086	2	77	70.0	24.0	21.0	14.0
1	395	Isl1	0.04314720812182741	0.0002841606282533163	0.10152284263959391	0.012832435644075896	4	58	47.0	15.0	20.0	8.0
1	395	Six3	0.04314720812182741	0.0010462277676599372	0.08375634517766496	0.014065951098539156	0	97	39.0	21.0	18.0	23.0
1	373	Shox2	0.08333333333333334	0.0016810132452250528	0.12903225806451613	0.03060603425789062	2	66	10.0	3.0	4.0	2.0
1	373	Kcnip3	0.08870967741935484	0.004137321392342695	0.11559139784946237	0.03291018172332841	0	94	4.0	5.0	3.0	2.0
1	373	Tlx3	0.05913978494623656	0.00019563516215981218	0.08870967741935484	0.004840158826768686	2	66	115.0	17.0	26.0	9.0
1	373	Phox2a	0.040322580645161296	0.00023186389589311074	0.06182795698924732	0.01527403414195867	2	66	42.0	30.0	25.0	14.0
1	373	Isl1	0.040322580645161296	0.00030432136335970786	0.0913978494623656	0.01327420803988059	4	58	51.0	15.0	21.0	5.0
1	373	Six3	0.03763440860215054	0.0013332174013853868	0.07258064516129033	0.014955221285105643	0	94	44.0	21.0	15.0	22.0
1	355	Shox2	0.0903954802259887	0.0031129463356860485	0.12146892655367232	0.0500072021894656	2	75	4.0	3.0	2.0	1.0
1	355	Kcnip3	0.08757062146892655	0.002672812535010643	0.10451977401129943	0.012203709927818057	1	89	61.0	4.0	6.0	2.0
1	355	Tlx3	0.05649717514124294	0.0006642019173828844	0.08192090395480225	0.017237240120996783	2	75	44.0	15.0	18.0	8.0
1	355	Phox2a	0.04519774011299435	0.001184360045453818	0.06214689265536723	0.016957154975112434	2	75	47.0	21.0	10.0	10.0
1	355	Isl1	0.0423728813559322	0.001136345449016501	0.0847457627118644	0.017949456634816983	1	89	42.0	11.0	19.0	16.0
1	355	Six3	0.03954802259887005	0.0012723868055888989	0.07344632768361582	0.016869128214977352	1	89	48.0	20.0	17.0	19.0
1	322	Shox2	0.08722741433021806	0.004692367601246106	0.11526479750778816	0.04647585669781932	0	91	7.0	1.0	4.0	1.0
1	322	Kcnip3	0.08411214953271028	0.0047897196261682245	0.1059190031152648	0.019188084112149534	1	77	38.0	2.0	2.0	1.0
1	322	Tlx3	0.0529595015576324	0.0011098130841121496	0.0778816199376947	0.025019470404984423	0	91	23.0	13.0	20.0	10.0
1	322	Phox2a	0.056074766355140186	0.0025019470404984423	0.06230529595015576	0.01445677570093458	0	91	54.0	21.0	9.0	8.0
1	322	Isl1	0.04361370716510903	0.0009540498442367601	0.08099688473520249	0.00842095015576324	3	49	78.0	9.0	13.0	2.0
1	322	Six3	0.037383177570093455	0.0015186915887850467	0.06853582554517133	0.02197235202492212	1	77	31.0	17.0	14.0	14.0
1	298	Shox2	0.06397306397306397	0.002832377832377832	0.10101010101010101	0.05834243334243334	1	60	10.0	1.0	3.0	4.0
1	298	Kcnip3	0.09427609427609428	0.0058126308126308125	0.09764309764309764	0.021567021567021567	0	76	34.0	2.0	2.0	1.0
1	298	Tlx3	0.037037037037037035	0.00022750022750022748	0.06734006734006734	0.027447902447902447	1	60	27.0	13.0	19.0	10.0
1	298	Phox2a	0.04713804713804714	0.0029916279916279917	0.057239057239057235	0.021407771407771406	1	60	35.0	18.0	2.0	6.0
1	298	Isl1	0.037037037037037035	0.0003526253526253526	0.06734006734006734	0.0044590044590044585	0	76	91.0	13.0	38.0	14.0
1	298	Six3	0.03367003367003367	0.0029688779688779687	0.057239057239057235	0.031167531167531168	0	76	20.0	18.0	8.0	16.0
1	257	Shox2	0.0625	0.003247549019607843	0.09765625	0.057306985294117645	1	45	10.0	2.0	1.0	2.0
1	257	Kcnip3	0.078125	0.005254289215686274	0.10546875	0.04453125	0	64	16.0	1.0	3.0	1.0
1	257	Tlx3	0.0390625	0.00024509803921568627	0.0625	0.019761029411764705	1	45	39.0	15.0	19.0	9.0
1	257	Phox2a	0.046875	0.001286764705882353	0.0625	0.03484987745098039	1	45	19.0	15.0	9.0	5.0
1	257	Isl1	0.046875	0.004120710784313726	0.0625	0.010477941176470587	2	44	63.0	15.0	2.0	2.0
1	257	Six3	0.03125	0.001256127450980392	0.05078125	0.03455882352941177	0	64	21.0	19.0	20.0	14.0
1	219	Shox2	0.05045871559633028	0.0021773136600008454	0.09174311926605505	0.08686001775673276	0	39	1.0	3.0	3.0	3.0
1	219	Kcnip3	0.05504587155963303	0.0019236460491269605	0.0963302752293578	0.028220521709719695	1	36	14.0	1.0	4.0	3.0
1	219	Tlx3	0.04128440366972477	0.00021138967572823742	0.06422018348623854	0.01327527163573331	0	39	33.0	11.0	16.0	6.0
1	219	Phox2a	0.03211009174311927	0.002113896757282374	0.045871559633027525	0.03223692554855621	0	39	9.0	19.0	4.0	11.0
1	219	Isl1	0.03211009174311927	0.0027480657844670864	0.05045871559633028	0.005855494017672176	2	35	60.0	17.0	2.0	3.0
1	219	Six3	0.027522935779816515	0.0011626432165053058	0.045871559633027525	0.03898025620428698	1	36	6.0	19.0	10.0	11.0
1	171	Shox2	0.052941176470588235	0.0021928297946397493	0.09411764705882353	0.11347024016707273	1	35	1.0	5.0	6.0	3.0
1	171	Kcnip3	0.08823529411764705	0.0043856595892794985	0.11176470588235293	0.0577445179255134	0	35	6.0	1.0	3.0	1.0
1	171	Tlx3	0.047058823529411764	0.0016011138183083884	0.06470588235294117	0.06950922380786634	1	35	2.0	9.0	9.0	5.0
1	171	Phox2a	0.041176470588235294	0.0024712843717368603	0.047058823529411764	0.03651235642185868	1	35	11.0	18.0	4.0	8.0
1	171	Isl1	0.03529411764705882	0.0010790114862513052	0.058823529411764705	0.023947093630351548	0	35	20.0	13.0	14.0	10.0
1	171	Six3	0.029411764705882353	0.0021232161503654716	0.047058823529411764	0.06334841628959276	0	35	5.0	18.0	6.0	13.0
1	137	Shox2	0.058823529411764705	0.0030501089324618735	0.08823529411764705	0.11067538126361655	0	33	1.0	6.0	7.0	4.0
1	137	Kcnip3	0.0661764705882353	0.004956427015250544	0.11029411764705882	0.10359477124183006	1	27	2.0	1.0	2.0	2.0
1	137	Tlx3	0.058823529411764705	0.004411764705882353	0.07352941176470588	0.08431372549019607	0	33	3.0	8.0	3.0	4.0
1	137	Phox2a	0.03676470588235294	0.0027233115468409583	0.044117647058823525	0.03333333333333333	0	33	16.0	20.0	8.0	9.0
1	137	Isl1	0.029411764705882353	0.0029411764705882353	0.051470588235294115	0.045588235294117645	2	22	9.0	14.0	3.0	4.0
1	137	Six3	0.014705882352941176	0.0	0.03676470588235294	0.07728758169934641	1	27	6.0	27.0	27.0	19.0
1	112	Shox2	0.06306306306306306	0.008026208026208027	0.09009009009009009	0.11171171171171171	0	30	2.0	6.0	3.0	4.0
1	112	Kcnip3	0.06306306306306306	0.005814905814905815	0.10810810810810811	0.13693693693693695	1	23	1.0	4.0	2.0	3.0
1	112	Tlx3	0.07207207207207207	0.007698607698607699	0.09009009009009009	0.0981981981981982	0	30	3.0	6.0	4.0	2.0
1	112	Phox2a	0.036036036036036036	0.0018018018018018018	0.04504504504504504	0.03841113841113841	0	30	12.0	15.0	14.0	11.0
1	112	Isl1	0.018018018018018018	0.0004914004914004914	0.05405405405405406	0.053644553644553644	4	9	10.0	13.0	3.0	4.0
1	112	Six3	0.018018018018018018	0.0	0.036036036036036036	0.07354627354627355	1	23	7.0	29.0	23.0	19.0
1	97	Shox2	0.041666666666666664	0.011074561403508772	0.05208333333333333	0.09243421052631579	0	27	5.0	12.0	2.0	7.0
1	97	Kcnip3	0.0625	0.0059210526315789476	0.125	0.18618421052631579	1	23	1.0	2.0	4.0	5.0
1	97	Tlx3	0.07291666666666666	0.008771929824561403	0.09375	0.13640350877192983	0	27	2.0	5.0	4.0	2.0
1	97	Phox2a	0.041666666666666664	0.0027412280701754384	0.041666666666666664	0.0649122807017544	0	27	10.0	20.0	11.0	7.0
1	97	Isl1	0.03125	0.0016447368421052633	0.05208333333333333	0.0680921052631579	2	19	9.0	12.0	3.0	4.0
1	97	Six3	0.010416666666666666	0.0	0.020833333333333332	0.00581140350877193	1	23	45.0	51.0	23.0	19.0
1	81	Shox2	0.025	0.00189873417721519	0.037500000000000006	0.021360759493670885	1	20	23.0	25.0	9.0	11.0
1	81	Kcnip3	0.07500000000000001	0.005854430379746835	0.1375	0.18132911392405063	0	22	1.0	2.0	4.0	4.0
1	81	Tlx3	0.07500000000000001	0.009335443037974683	0.1	0.13085443037974684	1	20	3.0	4.0	3.0	2.0
1	81	Phox2a	0.037500000000000006	0.0	0.037500000000000006	0.03939873417721519	1	20	15.0	25.0	20.0	7.0
1	81	Isl1	0.05	0.0023734177215189874	0.0625	0.0495253164556962	2	19	9.0	9.0	2.0	2.0
1	81	Six3	0.0125	0.0	0.025	0.022943037974683545	2	19	21.0	42.0	19.0	14.0
1	68	Shox2	0.029850746268656716	0.0047489823609226595	0.029850746268656716	0.016282225237449117	0	20	21.0	34.0	6.0	11.0
1	68	Kcnip3	0.08955223880597014	0.007688828584350972	0.13432835820895522	0.07982813206693803	1	18	7.0	1.0	4.0	3.0
1	68	Tlx3	0.08955223880597014	0.006105834464043419	0.11940298507462686	0.028493894165535955	0	20	17.0	3.0	4.0	1.0
1	68	Phox2a	0.04477611940298507	0.002261420171867933	0.04477611940298507	0.002261420171867933	0	20	31.0	19.0	9.0	7.0
1	68	Isl1	0.029850746268656716	0.0011307100859339666	0.04477611940298507	0.0877431026684758	3	8	4.0	19.0	3.0	3.0
1	68	Six3	0.014925373134328358	0.0009045680687471732	0.029850746268656716	0.051560379918588875	1	18	11.0	34.0	9.0	14.0
1	61	Shox2	0.03333333333333333	0.0033898305084745766	0.03333333333333333	0.004519774011299435	0	19	21.0	26.0	1.0	9.0
1	61	Kcnip3	0.08333333333333333	0.0	0.15	0.043220338983050846	4	7	3.0	1.0	7.0	1.0
1	61	Tlx3	0.06666666666666667	0.0022598870056497176	0.1	0.015819209039548022	0	19	13.0	2.0	6.0	2.0
1	61	Phox2a	0.03333333333333333	0.0022598870056497176	0.03333333333333333	0.0022598870056497176	0	19	23.0	26.0	6.0	9.0
1	61	Isl1	0.05	0.0008474576271186442	0.05	0.027401129943502824	4	7	8.0	12.0	1.0	2.0
1	61	Six3	0.0	0.0	0.016666666666666666	0.01807909604519774	4	7	12.0	46.0	7.0	7.0
1	48	Shox2	0.0425531914893617	0.004162812210915819	0.0425531914893617	0.004625346901017576	0	15	15.0	21.0	1.0	7.0
1	48	Kcnip3	0.10638297872340426	0.008325624421831638	0.1276595744680851	0.024514338575393157	2	9	6.0	1.0	2.0	1.0
1	48	Tlx3	0.06382978723404255	0.00046253469010175765	0.10638297872340426	0.006938020351526365	0	15	12.0	3.0	5.0	3.0
1	48	Phox2a	0.0425531914893617	0.0018501387604070306	0.0425531914893617	0.0018501387604070306	0	15	21.0	21.0	3.0	7.0
1	48	Isl1	0.0425531914893617	0.00046253469010175765	0.0425531914893617	0.025439407955596672	6	3	5.0	21.0	1.0	1.0
1	48	Six3	0.0	0.0	0.0	0.0	2	9	48.0	48.0	9.0	9.0
1	41	Shox2	0.05	0.004487179487179487	0.05	0.004487179487179487	0	12	12.0	18.0	1.0	5.0
1	41	Kcnip3	0.1	0.008333333333333333	0.125	0.027564102564102563	1	8	6.0	1.0	2.0	1.0
1	41	Tlx3	0.07500000000000001	0.0019230769230769232	0.1	0.009615384615384616	0	12	9.0	4.0	3.0	3.0
1	41	Phox2a	0.05	0.001282051282051282	0.05	0.001282051282051282	0	12	15.0	18.0	4.0	5.0
1	41	Isl1	0.05	0.000641025641025641	0.05	0.010256410256410256	6	3	8.0	18.0	1.0	1.0
1	31	Shox2	0.06666666666666667	0.004597701149425287	0.06666666666666667	0.004597701149425287	0	10	13.0	14.0	1.0	5.0
1	31	Kcnip3	0.13333333333333333	0.011494252873563218	0.16666666666666666	0.052873563218390804	1	7	4.0	1.0	2.0	1.0
1	31	Tlx3	0.06666666666666667	0.0	0.1	0.01264367816091954	0	10	11.0	5.0	10.0	5.0
1	31	Phox2a	0.06666666666666667	0.0022988505747126436	0.06666666666666667	0.0022988505747126436	0	10	15.0	14.0	2.0	5.0
1	31	Isl1	0.06666666666666667	0.0011494252873563218	0.06666666666666667	0.017241379310344827	4	3	7.0	14.0	1.0	1.0
1	18	Kcnip3	0.11764705882352941	0.0	0.29411764705882354	0.20220588235294118	0	5	2.0	1.0	5.0	1.0
1	18	Isl1	0.058823529411764705	0.003676470588235294	0.058823529411764705	0.04779411764705882	3	3	7.0	15.0	1.0	2.0
2	459	Shox2	0.12882096069868995	0.0011227580671361547	0.21615720524017465	0.013802757684920643	2	83	24.0	3.0	5.0	2.0
2	459	Kcnip3	0.1353711790393013	0.003234498772132667	0.16593886462882096	0.020114091330396645	1	140	9.0	7.0	4.0	1.0
2	459	Tlx3	0.08078602620087336	0.0012183119451902955	0.12445414847161572	0.01492073805815409	2	83	19.0	29.0	3.0	13.0
2	459	Six3	0.07860262008733623	0.001958854500109887	0.13755458515283842	0.016239381575301234	1	140	14.0	20.0	13.0	14.0
2	459	Isl1	0.05021834061135371	0.00031055010367595767	0.11353711790393012	0.006158447440589377	1	140	83.0	36.0	38.0	29.0
2	459	Phox2a	0.08296943231441048	0.00028666163416242246	0.1331877729257642	0.015431951305743744	2	83	15.0	23.0	25.0	12.0
2	437	Shox2	0.12844036697247707	0.0016450490351154698	0.19954128440366975	0.016476853316461034	2	102	18.0	3.0	8.0	4.0
2	437	Kcnip3	0.12844036697247707	0.0026468417167563006	0.1559633027522936	0.01785300010545186	1	124	15.0	6.0	5.0	1.0
2	437	Tlx3	0.08486238532110092	0.0016239586628703996	0.12155963302752294	0.020172941052409576	2	102	10.0	21.0	9.0	13.0
2	437	Six3	0.07339449541284404	0.0015185068016450491	0.1261467889908257	0.016302857745439207	1	124	19.0	17.0	13.0	13.0
2	437	Isl1	0.045871559633027525	0.00027417483918591165	0.09862385321100918	0.0046767900453443005	1	124	107.0	34.0	36.0	29.0
2	437	Phox2a	0.09403669724770643	0.001123062322049984	0.12385321100917432	0.018469893493620163	2	102	14.0	19.0	15.0	11.0
2	415	Shox2	0.12318840579710144	0.0014504450760898808	0.18840579710144928	0.024382683557333522	2	80	11.0	2.0	7.0	2.0
2	415	Kcnip3	0.09420289855072464	0.0029008901521797616	0.13768115942028986	0.02576879437601619	0	101	9.0	8.0	2.0	3.0
2	415	Tlx3	0.07004830917874395	0.0008304967774385608	0.09903381642512077	0.01832941479220035	2	80	20.0	25.0	13.0	12.0
2	415	Six3	0.04830917874396135	0.0010410452562258016	0.10869565217391304	0.019850042694552643	3	70	18.0	18.0	6.0	11.0
2	415	Isl1	0.04830917874396135	0.00029242844276005666	0.08695652173913043	0.006181937279947597	3	70	88.0	32.0	18.0	11.0
2	415	Phox2a	0.06763285024154589	0.001105379513633014	0.09903381642512077	0.010398755424547613	2	80	58.0	25.0	10.0	13.0
2	397	Shox2	0.11616161616161617	0.0025827899245620765	0.17171717171717174	0.029037207518220177	2	82	8.0	2.0	2.0	2.0
2	397	Kcnip3	0.09343434343434344	0.002966372586625751	0.12121212121212122	0.019083237437667818	0	99	26.0	8.0	5.0	3.0
2	397	Tlx3	0.06565656565656566	0.0006968418360823425	0.09343434343434344	0.014224523718194606	2	82	41.0	20.0	19.0	12.0
2	397	Six3	0.05303030303030303	0.000511443549418233	0.09595959595959597	0.014051911520265952	0	99	43.0	18.0	33.0	14.0
2	397	Isl1	0.03787878787878788	0.00029408004091548395	0.08333333333333334	0.006527298299450198	4	61	91.0	24.0	19.0	11.0
2	397	Phox2a	0.05050505050505051	0.0022887098836465924	0.07828282828282829	0.019345352256744663	2	82	25.0	28.0	4.0	14.0
2	383	Shox2	0.0968586387434555	0.0012161437935441317	0.14659685863874347	0.03515136524164846	2	72	8.0	2.0	11.0	2.0
2	383	Kcnip3	0.08900523560209425	0.002260515864836267	0.11518324607329844	0.024680161053166786	0	96	22.0	5.0	10.0	1.0
2	383	Tlx3	0.0549738219895288	0.0007557955779087824	0.08115183246073299	0.008231300930315648	2	72	71.0	19.0	14.0	12.0
2	383	Six3	0.05235602094240838	0.0013741737780159679	0.09162303664921466	0.022172293908287642	0	96	26.0	14.0	18.0	13.0
2	383	Isl1	0.03926701570680628	0.0003641560511742315	0.07591623036649216	0.007159445383463193	4	60	81.0	23.0	21.0	7.0
2	383	Phox2a	0.041884816753926704	0.0017452006980802793	0.06544502617801047	0.03260227288342884	2	72	11.0	32.0	4.0	14.0
2	359	Shox2	0.09217877094972067	0.0020656307215623677	0.13966480446927373	0.06812669201758915	2	65	3.0	1.0	2.0	1.0
2	359	Kcnip3	0.08100558659217877	0.003286230693394676	0.111731843575419	0.018809758540287623	0	88	34.0	6.0	5.0	1.0
2	359	Tlx3	0.0558659217877095	0.0015101012472027917	0.07262569832402235	0.012127756130385114	2	65	56.0	21.0	6.0	10.0
2	359	Six3	0.03910614525139665	0.0007746115205858879	0.08659217877094973	0.04103876187346447	4	58	8.0	11.0	10.0	6.0
2	359	Isl1	0.05027932960893855	0.0006415974210913415	0.08100558659217877	0.012479852276105973	4	58	52.0	15.0	16.0	3.0
2	359	Phox2a	0.0335195530726257	0.0012753704833888863	0.04748603351955307	0.020124250817645493	2	65	32.0	44.0	8.0	15.0
2	335	Shox2	0.09281437125748504	0.002742263221305138	0.125748502994012	0.06469043894193595	1	72	2.0	1.0	5.0	2.0
2	335	Kcnip3	0.0688622754491018	0.0023556490622358888	0.10778443113772455	0.01861142579705454	0	79	41.0	5.0	10.0	4.0
2	335	Tlx3	0.056886227544910184	0.0021578464692237147	0.062874251497006	0.009018000035964108	1	72	77.0	21.0	7.0	8.0
2	335	Six3	0.04191616766467066	0.0007552462642283002	0.07784431137724551	0.030776285267303232	3	57	21.0	14.0	15.0	5.0
2	335	Isl1	0.04790419161676647	0.0006563449677222132	0.07784431137724551	0.02188415960871051	3	57	33.0	14.0	17.0	3.0
2	335	Phox2a	0.023952095808383235	0.0011148873424322526	0.038922155688622756	0.03467839096581612	1	72	17.0	49.0	12.0	16.0
2	301	Shox2	0.07	0.0021962095875139353	0.09333333333333334	0.036900780379041244	1	71	14.0	6.0	6.0	4.0
2	301	Kcnip3	0.06333333333333334	0.00471571906354515	0.1	0.028193979933110368	0	76	22.0	2.0	5.0	5.0
2	301	Tlx3	0.05333333333333334	0.0029208472686733556	0.060000000000000005	0.01479375696767001	1	71	35.0	19.0	5.0	7.0
2	301	Six3	0.04	0.0009253065774804905	0.07666666666666667	0.018963210702341134	3	51	33.0	12.0	14.0	5.0
2	301	Isl1	0.043333333333333335	0.0008138238573021182	0.06333333333333334	0.03289855072463768	3	51	16.0	17.0	16.0	3.0
2	301	Phox2a	0.02	0.000903010033444816	0.02666666666666667	0.05931995540691193	1	71	5.0	57.0	15.0	18.0
2	264	Shox2	0.06463878326996197	0.0021623661219632544	0.09505703422053231	0.04571445157170638	0	52	13.0	4.0	5.0	2.0
2	264	Kcnip3	0.06463878326996197	0.0021623661219632544	0.11026615969581749	0.023452239282500797	2	48	26.0	1.0	5.0	4.0
2	264	Tlx3	0.057034220532319393	0.0020027283545699937	0.06463878326996197	0.02683365744637622	0	52	24.0	15.0	7.0	5.0
2	264	Six3	0.03802281368821293	0.001073926798827388	0.07224334600760456	0.03734072504571445	3	41	17.0	12.0	9.0	5.0
2	264	Isl1	0.03802281368821293	0.00042086320494586827	0.053231939163498096	0.039604678837837054	3	41	15.0	23.0	15.0	5.0
2	264	Phox2a	0.015209125475285171	0.0007546512640408673	0.022813688212927757	0.0761472150465852	0	52	4.0	62.0	13.0	18.0
2	227	Shox2	0.0752212389380531	0.0021435594886922323	0.09292035398230089	0.05935103244837758	0	54	7.0	4.0	7.0	2.0
2	227	Kcnip3	0.0663716814159292	0.0023992133726647	0.11504424778761062	0.032940019665683384	1	42	17.0	1.0	6.0	3.0
2	227	Tlx3	0.05752212389380531	0.003008849557522124	0.061946902654867256	0.03351032448377581	0	54	16.0	17.0	5.0	5.0
2	227	Six3	0.030973451327433628	0.002005899705014749	0.05752212389380531	0.016007866273353	3	38	33.0	20.0	5.0	7.0
2	227	Isl1	0.035398230088495575	0.0013569321533923305	0.048672566371681415	0.014788593903638151	3	38	36.0	25.0	10.0	5.0
2	227	Phox2a	0.01327433628318584	0.0010816125860373647	0.022123893805309734	0.02383480825958702	0	54	23.0	56.0	13.0	18.0
2	199	Shox2	0.07070707070707072	0.0026149823104137824	0.09090909090909091	0.06706660513767113	0	51	1.0	4.0	6.0	2.0
2	199	Kcnip3	0.06565656565656566	0.00343536891760242	0.11616161616161617	0.05283802491924319	1	38	5.0	1.0	4.0	4.0
2	199	Tlx3	0.05050505050505051	0.0022817002512433987	0.05555555555555556	0.04207045069989233	0	51	9.0	18.0	9.0	6.0
2	199	Six3	0.030303030303030304	0.0026406193918884274	0.05555555555555556	0.017766497461928935	2	35	27.0	18.0	4.0	7.0
2	199	Isl1	0.03535353535353536	0.002179151925344819	0.05050505050505051	0.029585192021740245	2	35	19.0	22.0	5.0	4.0
2	199	Phox2a	0.015151515151515152	0.0012562169922576015	0.025252525252525256	0.029149361636671284	0	51	20.0	49.0	14.0	18.0
2	160	Shox2	0.07547169811320756	0.005254358729400525	0.10062893081761007	0.09680757901440967	0	46	1.0	2.0	4.0	2.0
2	160	Kcnip3	0.06918238993710692	0.005095135737600509	0.1320754716981132	0.07841732346150783	2	30	4.0	1.0	1.0	2.0
2	160	Tlx3	0.05660377358490566	0.004099992038850409	0.06289308176100629	0.061619297826606155	0	46	7.0	16.0	7.0	4.0
2	160	Six3	0.031446540880503145	0.0004776689754000477	0.06289308176100629	0.011225220921901122	2	30	44.0	16.0	11.0	11.0
2	160	Isl1	0.03773584905660378	0.006528142663800652	0.050314465408805034	0.04955815619775495	1	40	11.0	22.0	4.0	6.0
2	160	Phox2a	0.01886792452830189	0.0003184459836000318	0.031446540880503145	0.032760130562853276	0	46	19.0	41.0	22.0	15.0
2	137	Shox2	0.07352941176470588	0.007407407407407407	0.09558823529411764	0.1539760348583878	0	34	1.0	4.0	2.0	2.0
2	137	Kcnip3	0.08823529411764705	0.008823529411764706	0.125	0.1255446623093682	1	29	3.0	1.0	2.0	1.0
2	137	Tlx3	0.058823529411764705	0.00522875816993464	0.0661764705882353	0.03169934640522876	0	34	15.0	12.0	5.0	3.0
2	137	Six3	0.03676470588235294	0.000326797385620915	0.058823529411764705	0.012309368191721133	1	29	39.0	14.0	14.0	10.0
2	137	Isl1	0.014705882352941176	0.0017429193899782135	0.029411764705882353	0.04079520697167756	1	29	10.0	38.0	10.0	18.0
2	137	Phox2a	0.014705882352941176	0.0	0.022058823529411763	0.023965141612200435	0	34	24.0	52.0	34.0	15.0
2	126	Shox2	0.064	0.012	0.096	0.2555483870967742	0	37	1.0	2.0	2.0	1.0
2	126	Kcnip3	0.08	0.008451612903225807	0.10400000000000001	0.15419354838709678	1	25	3.0	1.0	1.0	1.0
2	126	Tlx3	0.056	0.0076129032258064515	0.056	0.028258064516129035	0	37	18.0	16.0	6.0	5.0
2	126	Six3	0.04	0.0014193548387096775	0.064	0.044000000000000004	1	25	8.0	10.0	10.0	8.0
2	126	Isl1	0.008	0.00012903225806451613	0.024	0.012838709677419355	1	25	39.0	44.0	16.0	22.0
2	126	Phox2a	0.016	0.0	0.016	0.0	0	37	126.0	58.0	37.0	13.0
2	110	Shox2	0.03669724770642202	0.01673462453278967	0.06422018348623854	0.2212028542303772	0	28	2.0	8.0	1.0	7.0
2	110	Kcnip3	0.07339449541284404	0.008324838600067958	0.10091743119266056	0.1482330954808019	1	21	3.0	1.0	2.0	1.0
2	110	Tlx3	0.045871559633027525	0.004332313965341489	0.045871559633027525	0.02344546381243629	0	28	20.0	18.0	6.0	3.0
2	110	Six3	0.01834862385321101	8.494733265375468e-05	0.045871559633027525	0.01851851851851852	2	16	24.0	18.0	8.0	7.0
2	110	Isl1	0.009174311926605505	8.494733265375468e-05	0.01834862385321101	0.012487257900101937	1	21	35.0	54.0	14.0	19.0
2	110	Phox2a	0.01834862385321101	0.0004247366632687734	0.01834862385321101	0.0038226299694189606	0	28	55.0	54.0	15.0	10.0
2	97	Shox2	0.03125	0.009868421052631578	0.041666666666666664	0.1074561403508772	0	23	3.0	20.0	2.0	6.0
2	97	Kcnip3	0.0625	0.0016447368421052633	0.10416666666666666	0.11315789473684211	1	14	2.0	2.0	5.0	2.0
2	97	Tlx3	0.041666666666666664	0.001973684210526316	0.041666666666666664	0.022587719298245615	0	23	18.0	20.0	9.0	4.0
2	97	Six3	0.03125	0.0025219298245614035	0.05208333333333333	0.02763157894736842	1	14	14.0	11.0	4.0	4.0
2	97	Isl1	0.010416666666666666	0.002631578947368421	0.020833333333333332	0.011293859649122807	1	14	30.0	47.0	3.0	11.0
2	97	Phox2a	0.010416666666666666	0.0005482456140350877	0.010416666666666666	0.004495614035087719	0	23	52.0	72.0	13.0	15.0
2	77	Shox2	0.039473684210526314	0.009649122807017543	0.039473684210526314	0.09263157894736841	0	20	4.0	21.0	3.0	5.0
2	77	Kcnip3	0.07894736842105263	0.0036842105263157894	0.13157894736842105	0.2121052631578947	1	14	2.0	2.0	6.0	1.0
2	77	Tlx3	0.039473684210526314	0.002982456140350877	0.039473684210526314	0.04070175438596491	0	20	12.0	21.0	5.0	5.0
2	77	Six3	0.039473684210526314	0.003157894736842105	0.039473684210526314	0.017368421052631578	1	14	24.0	21.0	7.0	5.0
2	77	Isl1	0.013157894736842105	0.005087719298245614	0.02631578947368421	0.07333333333333333	1	14	7.0	37.0	3.0	12.0
2	77	Phox2a	0.013157894736842105	0.0012280701754385963	0.013157894736842105	0.01631578947368421	0	20	26.0	57.0	10.0	13.0
2	69	Shox2	0.044117647058823525	0.0046093064091308165	0.044117647058823525	0.010974539069359086	1	12	20.0	17.0	1.0	4.0
2	69	Kcnip3	0.1323529411764706	0.018217734855136083	0.14705882352941177	0.1766900790166813	0	17	1.0	1.0	1.0	1.0
2	69	Tlx3	0.044117647058823525	0.0030728709394205445	0.044117647058823525	0.0037313432835820895	1	12	28.0	17.0	3.0	4.0
2	69	Six3	0.014705882352941176	0.0021949078138718174	0.044117647058823525	0.024363476733977173	0	17	13.0	17.0	6.0	12.0
2	69	Isl1	0.0	0.0	0.014705882352941176	0.026119402985074626	0	17	12.0	50.0	17.0	17.0
2	69	Phox2a	0.0	0.0	0.0	0.0	1	12	69.0	69.0	12.0	12.0
2	46	Kcnip3	0.044444444444444446	0.0035353535353535356	0.2	0.20707070707070707	4	6	1.0	1.0	1.0	2.0
2	46	Six3	0.022222222222222223	0.000505050505050505	0.06666666666666667	0.04242424242424243	6	5	7.0	9.0	2.0	3.0
2	46	Isl1	0.022222222222222223	0.0	0.022222222222222223	0.010606060606060607	1	7	17.0	34.0	7.0	3.0
2	41	Kcnip3	0.05	0.0019230769230769232	0.15000000000000002	0.2846153846153846	0	9	1.0	1.0	3.0	3.0
2	41	Six3	0.0	0.0	0.05	0.016025641025641024	3	5	14.0	14.0	5.0	5.0
2	41	Isl1	0.0	0.0	0.0	0.0	0	9	41.0	41.0	9.0	9.0
3	444	Kcnip3	0.12866817155756208	0.004238889513089487	0.16478555304740405	0.022716362113520523	0	131	8.0	6.0	3.0	1.0
3	444	Isl1	0.0474040632054176	0.00013789158657038087	0.10158013544018057	0.009294914354003451	3	67	56.0	35.0	27.0	16.0
3	444	Shox2	0.12866817155756208	0.0015014861648774806	0.21218961625282165	0.015316180300910084	2	81	24.0	3.0	4.0	2.0
3	444	Tlx3	0.07900677200902934	0.00018385544876050783	0.11512415349887133	0.006976292861301492	2	81	70.0	27.0	32.0	14.0
3	444	Six3	0.05869074492099322	0.0006077444000694564	0.13769751693002255	0.020591810261176877	3	67	12.0	16.0	7.0	8.0
3	444	Phox2a	0.08126410835214447	0.0006026373042705535	0.12415349887133181	0.01880432673156083	2	81	15.0	21.0	13.0	13.0
3	422	Kcnip3	0.11401425178147269	0.004586585227915394	0.15676959619952494	0.031099423142178485	0	113	5.0	5.0	2.0	1.0
3	422	Isl1	0.0498812351543943	0.0002771179730799683	0.09263657957244656	0.008952607171134486	3	70	58.0	31.0	23.0	12.0
3	422	Shox2	0.12114014251781473	0.0016457414319647097	0.19002375296912116	0.023916977717452777	2	78	12.0	3.0	3.0	2.0
3	422	Tlx3	0.06888361045130642	0.0003732609433322022	0.0997624703087886	0.008969573577649586	2	78	57.0	26.0	19.0	13.0
3	422	Six3	0.057007125890736345	0.0003506390679787354	0.12114014251781473	0.025460920710326886	3	70	10.0	17.0	21.0	9.0
3	422	Phox2a	0.07600950118764846	0.0014421445537835087	0.11163895486935868	0.033050559891415	2	78	4.0	20.0	6.0	10.0
3	398	Kcnip3	0.10831234256926951	0.00413454443681144	0.13602015113350124	0.02197033305345648	0	105	17.0	6.0	2.0	1.0
3	398	Isl1	0.04030226700251889	0.00018446429025774114	0.08312342569269521	0.006672518637254154	4	55	85.0	28.0	20.0	10.0
3	398	Shox2	0.10579345088161209	0.001583848561178536	0.16120906801007556	0.027224384907004556	2	82	11.0	3.0	7.0	2.0
3	398	Tlx3	0.0654911838790932	0.0002289901534234028	0.09571788413098237	0.005769279698750732	2	82	101.0	23.0	25.0	14.0
3	398	Six3	0.05037783375314861	0.0014693534844668348	0.10579345088161209	0.01931150293870697	0	105	23.0	17.0	15.0	17.0
3	398	Phox2a	0.08060453400503778	0.002239014833473272	0.11083123425692695	0.03363610920285984	2	82	5.0	15.0	4.0	7.0
3	373	Kcnip3	0.08602150537634409	0.004151812885836014	0.12096774193548387	0.03158421006868968	0	90	10.0	4.0	3.0	1.0
3	373	Isl1	0.048387096774193554	0.00036228733733298553	0.07795698924731183	0.010194765672550213	3	57	62.0	25.0	18.0	7.0
3	373	Shox2	0.10215053763440861	0.0033765179839434253	0.14516129032258066	0.03446077152711358	2	83	7.0	3.0	6.0	2.0
3	373	Tlx3	0.05913978494623656	0.00039127032431962436	0.08064516129032259	0.009839724081963886	2	83	66.0	23.0	28.0	13.0
3	373	Six3	0.051075268817204304	0.0007245746746659711	0.08870967741935484	0.009636843173057415	3	57	70.0	17.0	11.0	5.0
3	373	Phox2a	0.07795698924731183	0.003405500970930064	0.09677419354838711	0.03673593600556473	2	83	6.0	14.0	5.0	5.0
3	351	Kcnip3	0.06571428571428571	0.003921408104789194	0.10285714285714286	0.03207531723291036	1	83	12.0	5.0	2.0	5.0
3	351	Isl1	0.045714285714285714	0.0008759721653704462	0.06285714285714286	0.013237822349570202	3	58	43.0	30.0	12.0	5.0
3	351	Shox2	0.11142857142857143	0.005468686041751945	0.1457142857142857	0.04278346295538273	2	72	6.0	3.0	1.0	2.0
3	351	Tlx3	0.05714285714285714	0.0008432255423659436	0.07714285714285714	0.013008595988538683	2	72	45.0	18.0	13.0	9.0
3	351	Six3	0.04857142857142857	0.0010233319688907083	0.07714285714285714	0.013999181334424888	3	58	41.0	18.0	9.0	4.0
3	351	Phox2a	0.06	0.0009496520671305772	0.09142857142857143	0.029496520671305773	2	72	14.0	13.0	11.0	7.0
3	320	Kcnip3	0.06583072100313479	0.004100865519212949	0.10031347962382445	0.02828217109284123	0	78	21.0	6.0	3.0	3.0
3	320	Isl1	0.0438871473354232	0.0013308097237830485	0.05956112852664577	0.01839474773762347	3	59	35.0	28.0	8.0	8.0
3	320	Shox2	0.09717868338557993	0.003952997772125944	0.13793103448275862	0.05990615326984878	2	67	2.0	2.0	3.0	2.0
3	320	Tlx3	0.05329153605015674	0.000660475936988624	0.07210031347962383	0.013347528637053687	2	67	47.0	17.0	16.0	10.0
3	320	Six3	0.050156739811912224	0.002001143510577473	0.07836990595611285	0.017783561049663846	3	59	38.0	14.0	5.0	3.0
3	320	Phox2a	0.05642633228840125	0.0017349815658208633	0.08150470219435736	0.03921452652747383	2	67	9.0	12.0	10.0	5.0
3	290	Kcnip3	0.06574394463667821	0.0027994040753556325	0.10034602076124567	0.028114186851211073	1	65	12.0	6.0	5.0	2.0
3	290	Isl1	0.03806228373702422	0.0019703960015378702	0.051903114186851215	0.016363898500576703	2	55	28.0	26.0	7.0	8.0
3	290	Shox2	0.08996539792387544	0.005646866589773165	0.13148788927335642	0.08819925028835064	0	68	1.0	2.0	1.0	2.0
3	290	Tlx3	0.05536332179930796	0.0014898116109188773	0.0726643598615917	0.012663398692810458	0	68	43.0	11.0	9.0	5.0
3	290	Six3	0.04152249134948097	0.0019583813917723953	0.06920415224913495	0.01384083044982699	2	55	39.0	14.0	8.0	4.0
3	290	Phox2a	0.04498269896193772	0.0013696655132641293	0.06574394463667821	0.038314590542099194	0	68	5.0	16.0	10.0	10.0
3	255	Kcnip3	0.03937007874015748	0.00032678721483925184	0.10236220472440945	0.03649123899038312	2	50	13.0	3.0	24.0	7.0
3	255	Isl1	0.047244094488188976	0.0022097040241511315	0.05511811023622047	0.022128162833400765	2	50	22.0	21.0	5.0	4.0
3	255	Shox2	0.09842519685039369	0.008792132208770348	0.1377952755905512	0.07004139304721298	0	73	1.0	2.0	2.0	2.0
3	255	Tlx3	0.051181102362204724	0.002629859014658741	0.07086614173228346	0.022205969313124397	0	73	21.0	10.0	10.0	7.0
3	255	Six3	0.047244094488188976	0.0020540910647038686	0.06692913385826771	0.014409760044816533	2	50	39.0	13.0	7.0	4.0
3	255	Phox2a	0.047244094488188976	0.003532414179452865	0.06299212598425197	0.04623261025178177	0	73	5.0	16.0	6.0	9.0
3	222	Kcnip3	0.07239819004524888	0.0052653229123817355	0.1085972850678733	0.05629370629370629	1	50	2.0	3.0	2.0	1.0
3	222	Isl1	0.04072398190045249	0.003064582476347182	0.0497737556561086	0.02104072398190045	2	48	15.0	20.0	5.0	4.0
3	222	Shox2	0.08597285067873305	0.005368161250514192	0.11764705882352942	0.05645824763471822	0	72	1.0	2.0	6.0	3.0
3	222	Tlx3	0.05882352941176471	0.005841217605923488	0.07692307692307693	0.029308926367749896	0	72	10.0	9.0	5.0	5.0
3	222	Six3	0.0497737556561086	0.0035170711641299875	0.07239819004524888	0.019148498560263266	2	48	19.0	11.0	4.0	2.0
3	222	Phox2a	0.05429864253393665	0.00730152200740436	0.06334841628959277	0.03634306869600987	0	72	7.0	13.0	4.0	6.0
3	172	Kcnip3	0.03508771929824561	0.000412796697626419	0.10526315789473684	0.04093567251461988	5	14	9.0	5.0	6.0	4.0
3	172	Isl1	0.029239766081871343	0.0004471964224286206	0.05263157894736842	0.027794977640178877	5	14	15.0	23.0	4.0	5.0
3	172	Shox2	0.08771929824561403	0.00196078431372549	0.11695906432748537	0.06281389748882009	0	55	6.0	2.0	12.0	2.0
3	172	Tlx3	0.06432748538011696	0.0046439628482972135	0.08187134502923976	0.041692466460268314	0	55	8.0	7.0	5.0	6.0
3	172	Six3	0.04093567251461988	0.0006879944960440316	0.05263157894736842	0.00956312349501204	5	14	37.0	23.0	3.0	1.0
3	172	Phox2a	0.05263157894736842	0.0025799793601651187	0.06432748538011696	0.06381148950808394	0	55	5.0	15.0	11.0	8.0
3	157	Kcnip3	0.04487179487179487	0.001695616211745244	0.11538461538461538	0.07770885028949545	4	18	3.0	3.0	2.0	3.0
3	157	Isl1	0.03205128205128205	0.0009098428453267163	0.03205128205128205	0.01054590570719603	4	18	39.0	33.0	7.0	4.0
3	157	Shox2	0.08974358974358974	0.003267162944582299	0.12179487179487179	0.04590570719602978	0	50	7.0	2.0	11.0	2.0
3	157	Tlx3	0.07051282051282051	0.007320099255583127	0.07692307692307693	0.06703887510339124	0	50	4.0	7.0	5.0	3.0
3	157	Six3	0.04487179487179487	0.0012406947890818859	0.05128205128205128	0.008643507030603804	4	18	46.0	18.0	5.0	3.0
3	157	Phox2a	0.05128205128205128	0.005128205128205128	0.0641025641025641	0.12485525227460711	0	50	2.0	11.0	7.0	7.0
3	124	Kcnip3	0.04878048780487805	0.001999200319872051	0.11382113821138212	0.1681327469012395	3	13	1.0	4.0	1.0	1.0
3	124	Isl1	0.032520325203252036	0.0013328002132480341	0.032520325203252036	0.013061442089830734	3	13	40.0	34.0	3.0	4.0
3	124	Shox2	0.0975609756097561	0.008130081300813007	0.11382113821138212	0.11535385845661736	0	43	3.0	4.0	6.0	2.0
3	124	Tlx3	0.05691056910569106	0.006863921098227376	0.06504065040650407	0.06344129015060643	0	43	10.0	10.0	8.0	6.0
3	124	Six3	0.032520325203252036	0.0010662401705984273	0.04065040650406505	0.016993202718912435	3	13	30.0	25.0	5.0	4.0
3	124	Phox2a	0.04065040650406505	0.008396641343462616	0.04878048780487805	0.06164200986272158	0	43	11.0	18.0	4.0	10.0
3	110	Kcnip3	0.045871559633027525	0.0027183146449201497	0.11926605504587157	0.17762487257900103	4	14	1.0	2.0	2.0	2.0
3	110	Isl1	0.03669724770642202	0.0027183146449201497	0.03669724770642202	0.01783893985728848	4	14	31.0	26.0	2.0	3.0
3	110	Shox2	0.09174311926605505	0.010788311247026844	0.11009174311926606	0.16114509004417263	0	33	2.0	3.0	1.0	1.0
3	110	Tlx3	0.05504587155963303	0.00798504926945294	0.05504587155963303	0.039500509683995925	0	33	15.0	12.0	4.0	5.0
3	110	Six3	0.027522935779816515	0.0011892626571525654	0.03669724770642202	0.02344546381243629	4	14	27.0	26.0	6.0	4.0
3	110	Phox2a	0.027522935779816515	0.007220523275569148	0.027522935779816515	0.023190621814475027	0	33	28.0	41.0	5.0	9.0
3	90	Kcnip3	0.056179775280898875	0.01634320735444331	0.0898876404494382	0.1317671092951992	1	21	7.0	5.0	1.0	2.0
3	90	Isl1	0.02247191011235955	0.0	0.02247191011235955	0.14747191011235955	1	21	6.0	46.0	21.0	11.0
3	90	Shox2	0.0898876404494382	0.012640449438202247	0.10112359550561797	0.08605720122574055	0	29	11.0	2.0	5.0	1.0
3	90	Tlx3	0.0449438202247191	0.015066394279877427	0.0449438202247191	0.08695097037793667	0	29	10.0	15.0	2.0	6.0
3	90	Six3	0.02247191011235955	0.0	0.033707865168539325	0.0	1	21	90.0	24.0	21.0	11.0
3	90	Phox2a	0.02247191011235955	0.0	0.02247191011235955	0.0	0	29	90.0	46.0	29.0	12.0
3	76	Kcnip3	0.02666666666666667	0.005225225225225226	0.05333333333333334	0.04666666666666667	2	15	3.0	13.0	1.0	7.0
3	76	Isl1	0.013333333333333334	0.0	0.013333333333333334	0.00018018018018018018	2	15	43.0	59.0	15.0	12.0
3	76	Shox2	0.06666666666666667	0.008288288288288289	0.06666666666666667	0.012612612612612612	0	25	15.0	8.0	7.0	4.0
3	76	Tlx3	0.04	0.014594594594594595	0.04	0.015135135135135135	0	25	10.0	19.0	5.0	6.0
3	76	Six3	0.02666666666666667	0.0	0.02666666666666667	0.0	2	15	76.0	36.0	15.0	7.0
3	76	Phox2a	0.013333333333333334	0.0	0.013333333333333334	0.0	0	25	76.0	59.0	25.0	17.0
3	65	Kcnip3	0.03125	0.003968253968253968	0.0625	0.04786706349206349	2	10	3.0	11.0	1.0	3.0
3	65	Isl1	0.015625	0.0	0.015625	0.0	5	6	65.0	49.0	6.0	6.0
3	65	Shox2	0.0625	0.003968253968253968	0.0625	0.0091765873015873	1	12	18.0	11.0	2.0	3.0
3	65	Tlx3	0.03125	0.003224206349206349	0.046875	0.018601190476190476	3	10	12.0	13.0	2.0	3.0
3	65	Six3	0.015625	0.0	0.015625	0.0	2	10	65.0	49.0	10.0	9.0
3	30	Kcnip3	0.034482758620689655	0.006157635467980296	0.06896551724137931	0.18596059113300492	1	7	2.0	13.0	1.0	6.0
3	30	Isl1	0.034482758620689655	0.0	0.034482758620689655	0.0	1	7	30.0	25.0	7.0	6.0
3	28	Kcnip3	0.0	0.0	0.037037037037037035	0.15384615384615385	1	6	2.0	24.0	6.0	6.0
3	28	Isl1	0.037037037037037035	0.0	0.037037037037037035	0.0	1	6	28.0	24.0	6.0	5.0
3	25	Kcnip3	0.0	0.0	0.041666666666666664	0.08695652173913043	4	4	3.0	22.0	4.0	4.0
3	25	Isl1	0.041666666666666664	0.0	0.041666666666666664	0.0	4	4	25.0	22.0	4.0	3.0
3	17	Kcnip3	0.0	0.0	0.0625	0.075	2	4	3.0	15.0	4.0	4.0
3	17	Isl1	0.0625	0.0	0.0625	0.0	2	4	17.0	15.0	4.0	3.0
4	472	Kcnip3	0.15074309978768577	0.004368252247368659	0.18471337579617833	0.02238334010931924	0	144	5.0	6.0	1.0	1.0
4	472	Six3	0.08280254777070063	0.002760084925690021	0.15074309978768577	0.025821023625604192	0	144	1.0	17.0	7.0	14.0
4	472	Isl1	0.05307855626326964	0.0001852102814292813	0.12526539278131635	0.008081492523828884	0	144	53.0	31.0	43.0	28.0
4	472	Shox2	0.1316348195329087	0.0016759271807381306	0.23142250530785563	0.015498938428874735	2	87	19.0	2.0	2.0	1.0
4	472	Tlx3	0.08067940552016985	0.00035686859104666396	0.13588110403397027	0.013795907304512807	2	87	25.0	22.0	22.0	13.0
4	472	Phox2a	0.09129511677282377	0.001603649997741338	0.14861995753715498	0.025409947147309934	2	87	2.0	18.0	3.0	8.0
4	449	Kcnip3	0.13392857142857142	0.004484260147011825	0.16294642857142858	0.0225611217641419	0	130	8.0	6.0	2.0	1.0
4	449	Six3	0.07589285714285714	0.002257110898050495	0.13392857142857142	0.037087527964205814	0	130	1.0	14.0	9.0	15.0
4	449	Isl1	0.05357142857142857	0.0004843799936081815	0.11607142857142856	0.006821268775966762	0	130	68.0	26.0	32.0	23.0
4	449	Shox2	0.12723214285714285	0.001403203899009268	0.21875	0.016099392777245126	2	89	20.0	3.0	6.0	1.0
4	449	Tlx3	0.08035714285714285	0.0004943672099712368	0.12276785714285714	0.009228187919463088	2	89	49.0	21.0	23.0	12.0
4	449	Phox2a	0.078125	0.001068632150846916	0.12276785714285714	0.022271492489613295	2	89	9.0	21.0	11.0	13.0
4	425	Kcnip3	0.12735849056603774	0.0038304563093804365	0.15330188679245282	0.02592109371515233	0	115	4.0	5.0	3.0	1.0
4	425	Six3	0.05424528301886792	0.0010983986796913334	0.1061320754716981	0.03527142156206789	0	115	1.0	22.0	21.0	18.0
4	425	Isl1	0.04245283018867924	0.00016169320665506938	0.10377358490566037	0.010019403184798608	0	115	52.0	25.0	41.0	27.0
4	425	Shox2	0.11084905660377357	0.0009757348677461083	0.19339622641509432	0.02317788482983184	1	92	9.0	3.0	15.0	2.0
4	425	Tlx3	0.06839622641509434	0.0006746509656987377	0.10377358490566037	0.017741647709532096	1	92	23.0	25.0	18.0	12.0
4	425	Phox2a	0.06132075471698113	0.0017228689950488426	0.09433962264150943	0.016470404567554307	1	92	25.0	30.0	7.0	13.0
4	399	Kcnip3	0.11306532663316583	0.004341607280736175	0.1457286432160804	0.03097983620875157	0	106	5.0	4.0	3.0	1.0
4	399	Six3	0.04773869346733668	0.0005949141171854234	0.09045226130653267	0.0180879207118717	4	58	25.0	25.0	12.0	11.0
4	399	Isl1	0.05527638190954774	0.0006139007379466603	0.09547738693467336	0.011505892181309572	4	58	51.0	22.0	11.0	6.0
4	399	Shox2	0.10301507537688442	0.001158183866435452	0.17336683417085427	0.023606698479804566	1	88	19.0	3.0	14.0	3.0
4	399	Tlx3	0.0678391959798995	0.002044226168626508	0.09547738693467336	0.009892029416604433	1	88	63.0	22.0	9.0	11.0
4	399	Phox2a	0.06030150753768844	0.0023923142159158516	0.08793969849246232	0.03178993202789768	1	88	4.0	27.0	6.0	12.0
4	378	Kcnip3	0.10875331564986737	0.004917038207573791	0.1326259946949602	0.036824877250409165	0	97	6.0	4.0	2.0	1.0
4	378	Six3	0.034482758620689655	8.465489023082567e-05	0.08222811671087532	0.013001580224617643	0	97	46.0	26.0	46.0	27.0
4	378	Isl1	0.042440318302387266	0.0001975280772052599	0.08222811671087532	0.020571138326090636	0	97	23.0	26.0	40.0	19.0
4	378	Shox2	0.08753315649867374	0.0009100400699813759	0.14854111405835543	0.024112534567413513	3	70	14.0	3.0	13.0	3.0
4	378	Tlx3	0.0663129973474801	0.0007266211411479204	0.09018567639257294	0.008098651165415655	3	70	75.0	20.0	14.0	8.0
4	378	Phox2a	0.04774535809018567	0.0017989164174050454	0.0716180371352785	0.027950222924544275	3	70	12.0	30.0	7.0	12.0
4	354	Kcnip3	0.0963172804532578	0.006221027556013392	0.1274787535410765	0.035587818696883856	1	83	8.0	4.0	1.0	1.0
4	354	Six3	0.0509915014164306	0.0007725985063095546	0.08498583569405099	0.024594385784187486	2	64	21.0	19.0	16.0	6.0
4	354	Isl1	0.042492917847025496	0.0005874967808395571	0.07932011331444759	0.02312966778264229	2	64	25.0	22.0	21.0	7.0
4	354	Shox2	0.0963172804532578	0.0014244784960082413	0.1388101983002833	0.028175701776976567	3	61	17.0	3.0	5.0	2.0
4	354	Tlx3	0.059490084985835696	0.0004667782642286892	0.08498583569405099	0.00775817666752511	3	61	80.0	19.0	16.0	8.0
4	354	Phox2a	0.0481586402266289	0.0017866340458408448	0.0736543909348442	0.045060198300283294	3	61	3.0	26.0	3.0	11.0
4	330	Kcnip3	0.0851063829787234	0.0043276002668841285	0.11550151975683891	0.019951441915634964	1	77	29.0	4.0	2.0	1.0
4	330	Six3	0.0486322188449848	0.0006023426495663133	0.07598784194528875	0.010221291422640671	4	49	68.0	18.0	14.0	3.0
4	330	Isl1	0.0425531914893617	0.0006486766995329529	0.0729483282674772	0.016068648528430575	4	49	40.0	21.0	13.0	6.0
4	330	Shox2	0.0911854103343465	0.0028541774779449925	0.12158054711246201	0.029227518718956187	2	74	14.0	3.0	4.0	3.0
4	330	Tlx3	0.0547112462006079	0.0006116094595596413	0.08206686930091185	0.01229705686114612	2	74	55.0	14.0	20.0	8.0
4	330	Phox2a	0.03951367781155015	0.0015568240788790867	0.060790273556231005	0.029588924308695978	2	74	13.0	28.0	8.0	13.0
4	317	Kcnip3	0.07278481012658228	0.003897930480208961	0.0981012658227848	0.016174402250351615	1	76	43.0	4.0	3.0	1.0
4	317	Six3	0.04746835443037974	0.00027124773960216994	0.07278481012658228	0.003023909985935302	3	50	119.0	17.0	22.0	2.0
4	317	Isl1	0.04113924050632911	0.0010146674703636728	0.06329113924050633	0.01594333936106088	3	50	45.0	22.0	11.0	7.0
4	317	Shox2	0.08227848101265822	0.0014064697609001405	0.10759493670886076	0.04738798472975688	2	59	6.0	3.0	5.0	2.0
4	317	Tlx3	0.04746835443037974	0.0001908780389793048	0.07278481012658228	0.013090214988949165	2	59	58.0	17.0	25.0	6.0
4	317	Phox2a	0.04113924050632911	0.0006027727546714888	0.05379746835443038	0.01452682338758288	2	59	52.0	28.0	12.0	11.0
4	293	Kcnip3	0.0684931506849315	0.0038247893423716045	0.09246575342465753	0.01762933672268512	0	73	39.0	4.0	4.0	1.0
4	293	Six3	0.0410958904109589	0.0004707433036765052	0.06506849315068493	0.007920256084357199	2	47	66.0	16.0	21.0	5.0
4	293	Isl1	0.0410958904109589	0.000823800781433884	0.05821917808219178	0.019818293084780867	2	47	33.0	21.0	14.0	5.0
4	293	Shox2	0.07876712328767123	0.0038600950901473423	0.09931506849315068	0.07076448712517064	1	67	1.0	3.0	2.0	2.0
4	293	Tlx3	0.04794520547945205	0.0005531233818198936	0.06506849315068493	0.02573789012851292	1	67	22.0	16.0	13.0	7.0
4	293	Phox2a	0.030821917808219176	0.0004942804688603304	0.03767123287671233	0.007108223885515228	1	67	76.0	37.0	14.0	13.0
4	260	Kcnip3	0.06563706563706564	0.0034569453174104338	0.08494208494208494	0.013962467450839544	0	65	34.0	4.0	6.0	3.0
4	260	Six3	0.02702702702702703	0.00010475591870940707	0.05791505791505792	0.005237795935470354	0	65	62.0	19.0	34.0	17.0
4	260	Isl1	0.03474903474903475	0.0022298045553859505	0.05405405405405406	0.01049055700218491	3	42	46.0	22.0	3.0	4.0
4	260	Shox2	0.07722007722007722	0.002948130855107599	0.1003861003861004	0.06939331357936009	1	51	1.0	2.0	2.0	2.0
4	260	Tlx3	0.04633204633204634	0.0008679776121636587	0.06177606177606178	0.037113525485618505	1	51	13.0	15.0	11.0	4.0
4	260	Phox2a	0.019305019305019305	0.00034419801861662326	0.02316602316602317	0.004639190685702313	1	51	66.0	55.0	19.0	16.0
4	228	Kcnip3	0.061674008810572695	0.0030408171221394877	0.0748898678414097	0.027133445089860046	1	47	23.0	7.0	5.0	3.0
4	228	Six3	0.022026431718061675	7.79696697984484e-05	0.04405286343612335	0.003450157888581342	1	47	72.0	28.0	30.0	18.0
4	228	Isl1	0.039647577092511016	0.0025729991033487973	0.05726872246696036	0.017504190869751666	2	43	31.0	15.0	2.0	3.0
4	228	Shox2	0.07929515418502203	0.0035671123932790147	0.09691629955947137	0.10036645744805271	0	50	1.0	2.0	2.0	2.0
4	228	Tlx3	0.048458149779735685	0.0010330981248294414	0.061674008810572695	0.012202253323457176	0	50	40.0	13.0	11.0	5.0
4	228	Phox2a	0.022026431718061675	0.0005068028536899146	0.026431718061674013	0.013215859030837005	0	50	38.0	44.0	14.0	13.0
4	185	Kcnip3	0.05434782608695652	0.004395343311950582	0.06521739130434782	0.024619862200047516	0	48	22.0	12.0	9.0	4.0
4	185	Six3	0.02717391304347826	0.000207887859349014	0.05434782608695652	0.012265383701591828	0	48	43.0	20.0	28.0	17.0
4	185	Isl1	0.03804347826086957	0.005523877405559516	0.05434782608695652	0.025392017106201	2	43	21.0	20.0	3.0	5.0
4	185	Shox2	0.07608695652173914	0.0035340936089332383	0.09782608695652173	0.12155500118793063	1	45	1.0	2.0	4.0	2.0
4	185	Tlx3	0.05434782608695652	0.001900688999762414	0.07065217391304347	0.017789261107151344	1	45	31.0	11.0	8.0	6.0
4	185	Phox2a	0.021739130434782608	0.00103943929674507	0.02717391304347826	0.02123425991922072	1	45	26.0	44.0	13.0	14.0
4	159	Kcnip3	0.056962025316455694	0.0033459646859630736	0.0759493670886076	0.04277191002176892	2	27	14.0	7.0	4.0	3.0
4	159	Six3	0.02531645569620253	0.0004837539305006853	0.05063291139240506	0.009675078610013706	2	27	44.0	22.0	12.0	12.0
4	159	Isl1	0.0379746835443038	0.008868822059179231	0.056962025316455694	0.06538740627267596	0	36	5.0	14.0	2.0	6.0
4	159	Shox2	0.06962025316455696	0.0037087801338385874	0.08860759493670886	0.09812142223655566	1	34	3.0	3.0	2.0	2.0
4	159	Tlx3	0.05063291139240506	0.0029831492380875593	0.06962025316455696	0.028420543416915262	1	34	20.0	10.0	4.0	4.0
4	159	Phox2a	0.02531645569620253	0.0014512617915020559	0.02531645569620253	0.007619124405385793	1	34	49.0	46.0	10.0	12.0
4	141	Kcnip3	0.049999999999999996	0.0033915724563206577	0.07142857142857142	0.04486125385405961	1	26	14.0	10.0	4.0	6.0
4	141	Six3	0.02857142857142857	0.0006680369989722507	0.04285714285714286	0.020606372045220967	1	26	32.0	25.0	11.0	10.0
4	141	Isl1	0.02142857142857143	0.002158273381294964	0.04285714285714286	0.07286742034943473	2	24	6.0	25.0	4.0	5.0
4	141	Shox2	0.05714285714285714	0.003854059609455293	0.07142857142857142	0.08144912641315519	0	33	5.0	10.0	3.0	3.0
4	141	Tlx3	0.049999999999999996	0.004779033915724563	0.05714285714285714	0.0341726618705036	0	33	18.0	13.0	2.0	4.0
4	141	Phox2a	0.014285714285714285	0.002672147995889003	0.014285714285714285	0.010328879753340185	0	33	46.0	65.0	6.0	16.0
4	116	Kcnip3	0.052173913043478265	0.003813882532418002	0.0782608695652174	0.04919908466819222	1	25	13.0	7.0	5.0	5.0
4	116	Six3	0.008695652173913044	0.0	0.043478260869565216	0.031731502669717776	4	12	22.0	26.0	12.0	9.0
4	116	Isl1	0.017391304347826087	0.0008390541571319603	0.043478260869565216	0.07665903890160183	4	12	5.0	26.0	2.0	5.0
4	116	Shox2	0.052173913043478265	0.0040427154843630814	0.06086956521739131	0.08062547673531656	0	27	4.0	10.0	5.0	5.0
4	116	Tlx3	0.06086956521739131	0.005034324942791762	0.06956521739130435	0.13943554538520214	0	27	2.0	9.0	3.0	3.0
4	116	Phox2a	0.008695652173913044	0.0011441647597254005	0.008695652173913044	0.005949656750572083	0	27	47.0	81.0	12.0	17.0
4	91	Kcnip3	0.05555555555555556	0.0026217228464419473	0.07777777777777778	0.06204744069912609	0	19	16.0	6.0	5.0	4.0
4	91	Six3	0.022222222222222223	0.0016229712858926342	0.05555555555555556	0.07915106117353309	2	18	9.0	15.0	4.0	8.0
4	91	Isl1	0.03333333333333333	0.004244694132334582	0.05555555555555556	0.14781523096129837	2	18	3.0	15.0	1.0	4.0
4	91	Shox2	0.03333333333333333	0.00449438202247191	0.03333333333333333	0.07053682896379525	1	19	11.0	30.0	6.0	6.0
4	91	Tlx3	0.022222222222222223	0.0024968789013732834	0.03333333333333333	0.13707865168539327	3	15	4.0	30.0	1.0	3.0
4	91	Phox2a	0.011111111111111112	0.0006242197253433209	0.011111111111111112	0.02034956304619226	3	15	30.0	69.0	5.0	12.0
4	84	Kcnip3	0.07228915662650603	0.01513370555392301	0.08433734939759037	0.048633558624742876	0	24	17.0	4.0	1.0	2.0
4	84	Six3	0.024096385542168676	0.002057008521892448	0.060240963855421686	0.0683220687628563	2	12	8.0	10.0	5.0	6.0
4	84	Isl1	0.03614457831325302	0.006611813106082868	0.060240963855421686	0.21348809873640906	2	12	1.0	10.0	1.0	3.0
4	84	Shox2	0.03614457831325302	0.007052600646488393	0.03614457831325302	0.0800764031736703	1	20	6.0	24.0	2.0	5.0
4	84	Tlx3	0.012048192771084338	0.0004407875404055246	0.024096385542168676	0.08786364972083456	4	8	4.0	36.0	2.0	6.0
4	84	Phox2a	0.0	0.0	0.012048192771084338	0.018660005877167207	1	20	30.0	68.0	20.0	20.0
4	69	Kcnip3	0.08823529411764705	0.01624231782265145	0.10294117647058823	0.06870061457418788	0	18	4.0	2.0	1.0	2.0
4	69	Six3	0.029411764705882353	0.001975417032484636	0.058823529411764705	0.04762949956101844	5	9	7.0	10.0	3.0	5.0
4	69	Isl1	0.044117647058823525	0.003292361720807726	0.07352941176470588	0.11106233538191396	5	9	2.0	7.0	1.0	2.0
4	69	Shox2	0.044117647058823525	0.0037313432835820895	0.044117647058823525	0.06079894644424934	3	10	5.0	16.0	1.0	2.0
4	69	Tlx3	0.014705882352941176	0.0006584723441615452	0.029411764705882353	0.04236172080772608	1	12	9.0	29.0	2.0	9.0
4	61	Kcnip3	0.05	0.005084745762711865	0.08333333333333333	0.06440677966101695	0	11	5.0	3.0	2.0	2.0
4	61	Six3	0.03333333333333333	0.0005649717514124294	0.05	0.02033898305084746	5	7	13.0	12.0	3.0	3.0
4	61	Isl1	0.05	0.0016949152542372883	0.06666666666666667	0.08615819209039548	5	7	2.0	7.0	1.0	1.0
4	61	Shox2	0.05	0.00423728813559322	0.05	0.05338983050847458	4	8	8.0	12.0	1.0	2.0
4	61	Tlx3	0.016666666666666666	0.0002824858757062147	0.016666666666666666	0.009322033898305085	6	7	20.0	47.0	2.0	4.0
4	52	Kcnip3	0.0784313725490196	0.005490196078431373	0.09803921568627451	0.024705882352941175	0	12	11.0	2.0	2.0	2.0
4	52	Six3	0.0392156862745098	0.000784313725490196	0.058823529411764705	0.034509803921568626	3	7	8.0	9.0	2.0	3.0
4	52	Isl1	0.0392156862745098	0.000784313725490196	0.058823529411764705	0.07411764705882352	3	7	2.0	9.0	2.0	3.0
4	52	Shox2	0.0392156862745098	0.003529411764705882	0.0392156862745098	0.03294117647058823	2	8	9.0	18.0	1.0	4.0
4	52	Tlx3	0.0196078431372549	0.000392156862745098	0.0196078431372549	0.00784313725490196	4	7	16.0	41.0	2.0	4.0
5	426	Kcnip3	0.12705882352941175	0.004589345172031077	0.15294117647058822	0.02265260821309656	1	118	10.0	6.0	2.0	1.0
5	426	Six3	0.06117647058823529	0.0022253052164261933	0.10823529411764705	0.013579356270810212	1	118	31.0	20.0	8.0	14.0
5	426	Shox2	0.12941176470588234	0.0020477247502774694	0.2188235294117647	0.024539400665926747	2	101	8.0	1.0	7.0	2.0
5	426	Tlx3	0.06823529411764705	0.0006936736958934517	0.09647058823529411	0.005527192008879024	2	101	96.0	29.0	22.0	14.0
5	426	Phox2a	0.08470588235294117	0.001664816870144284	0.10352941176470587	0.02099889012208657	2	101	12.0	23.0	11.0	11.0
5	426	Isl1	0.047058823529411764	0.00025527192008879026	0.08705882352941176	0.005715871254162042	1	118	92.0	33.0	38.0	24.0
5	396	Kcnip3	0.09113924050632911	0.0031934716956884923	0.12405063291139241	0.022116558504144446	2	93	12.0	8.0	1.0	2.0
5	396	Six3	0.043037974683544304	0.0005268907023067532	0.07848101265822785	0.013050183126646533	3	61	43.0	31.0	15.0	10.0
5	396	Shox2	0.11139240506329114	0.001921223414508771	0.1949367088607595	0.037145794512626104	1	107	1.0	1.0	12.0	5.0
5	396	Tlx3	0.06329113924050633	0.0005718691768939151	0.09113924050632911	0.007202981430315492	1	107	75.0	20.0	26.0	15.0
5	396	Phox2a	0.0810126582278481	0.002576624044207415	0.09367088607594937	0.014862173102872198	1	107	31.0	18.0	6.0	9.0
5	396	Isl1	0.04050632911392405	0.0004497847458716186	0.0810126582278481	0.009753903489044528	3	61	65.0	29.0	17.0	12.0
5	373	Kcnip3	0.09408602150537636	0.003630119120076515	0.11827956989247312	0.03281598701562183	1	89	7.0	5.0	2.0	1.0
5	373	Six3	0.03763440860215054	0.0005216937657594992	0.06451612903225806	0.008071761875778918	3	64	69.0	36.0	20.0	12.0
5	373	Shox2	0.09946236559139786	0.0031953743152769326	0.17473118279569894	0.04860446917659334	0	91	2.0	1.0	3.0	3.0
5	373	Tlx3	0.05376344086021506	0.00010868620119989566	0.08064516129032259	0.0071298147987131555	0	91	79.0	20.0	36.0	14.0
5	373	Phox2a	0.06451612903225806	0.0014056748688519838	0.07258064516129033	0.00926731008897777	0	91	63.0	27.0	15.0	11.0
5	373	Isl1	0.043010752688172046	0.0010433875315189983	0.07526881720430108	0.0089919717126047	3	64	65.0	24.0	10.0	10.0
5	346	Kcnip3	0.09855072463768116	0.004162453656892484	0.10434782608695653	0.019295584765756657	1	88	29.0	7.0	3.0	1.0
5	346	Six3	0.03188405797101449	0.0005982473879339401	0.057971014492753624	0.009715200539265252	1	88	68.0	32.0	29.0	27.0
5	346	Shox2	0.10434782608695653	0.00310077519379845	0.1565217391304348	0.03896191439164139	0	89	6.0	1.0	3.0	1.0
5	346	Tlx3	0.057971014492753624	0.000572969329288844	0.0782608695652174	0.00861139197842939	0	89	78.0	19.0	25.0	11.0
5	346	Phox2a	0.06376811594202898	0.002957532861476239	0.06956521739130435	0.012815975733063702	0	89	52.0	23.0	4.0	9.0
5	346	Isl1	0.04057971014492753	0.000547691270643748	0.06956521739130435	0.015360633636670038	1	88	39.0	23.0	30.0	20.0
5	322	Kcnip3	0.08722741433021806	0.0058703271028037384	0.09657320872274143	0.03613707165109034	1	80	13.0	7.0	1.0	1.0
5	322	Six3	0.028037383177570093	0.000360202492211838	0.04984423676012461	0.008089953271028037	2	50	77.0	30.0	24.0	10.0
5	322	Shox2	0.07165109034267912	0.0009443146417445484	0.11526479750778816	0.044713785046728974	3	50	8.0	2.0	9.0	2.0
5	322	Tlx3	0.04672897196261682	0.0008761682242990654	0.06542056074766354	0.011643302180685359	3	50	58.0	16.0	10.0	8.0
5	322	Phox2a	0.04672897196261682	0.0004575545171339564	0.06230529595015576	0.02753115264797508	3	50	21.0	20.0	14.0	8.0
5	322	Isl1	0.03115264797507788	0.0005743769470404985	0.059190031152647975	0.02764797507788162	1	80	20.0	21.0	26.0	24.0
5	290	Kcnip3	0.07612456747404844	0.006656093810073049	0.08650519031141869	0.054318050749711654	1	72	10.0	8.0	1.0	3.0
5	290	Six3	0.02768166089965398	0.0005887158785082661	0.051903114186851215	0.011149557862360632	3	45	55.0	25.0	18.0	7.0
5	290	Shox2	0.0726643598615917	0.0019223375624759708	0.09688581314878893	0.0430843906189927	2	54	17.0	3.0	3.0	1.0
5	290	Tlx3	0.051903114186851215	0.0014177239523260284	0.0726643598615917	0.014681853133410227	2	54	44.0	14.0	7.0	7.0
5	290	Phox2a	0.04844290657439446	0.0008410226835832372	0.06228373702422146	0.01581122645136486	2	54	41.0	17.0	12.0	8.0
5	290	Isl1	0.03460207612456748	0.0003724529027297193	0.058823529411764705	0.03213908112264514	1	72	25.0	18.0	28.0	18.0
5	255	Kcnip3	0.07086614173228346	0.007780647972363139	0.0826771653543307	0.027185584015436807	0	68	15.0	6.0	1.0	3.0
5	255	Six3	0.027559055118110236	0.001120413308020292	0.047244094488188976	0.014285269677258723	3	43	31.0	28.0	9.0	4.0
5	255	Shox2	0.06299212598425197	0.002909962341663814	0.08661417322834646	0.02717002271949208	1	57	16.0	3.0	5.0	3.0
5	255	Tlx3	0.05905511811023622	0.0020074071768696896	0.0826771653543307	0.018128909775606113	1	57	19.0	6.0	9.0	7.0
5	255	Phox2a	0.047244094488188976	0.0008714325729046715	0.05511811023622047	0.01626155426223896	1	57	21.0	18.0	16.0	9.0
5	255	Isl1	0.031496062992125984	0.0003423485107839781	0.047244094488188976	0.015358999097444835	0	68	25.0	28.0	31.0	21.0
5	212	Kcnip3	0.06635071090047394	0.006770480704129994	0.09004739336492892	0.035567591965696234	1	47	9.0	5.0	1.0	3.0
5	212	Six3	0.03317535545023697	0.0019860076732114646	0.05213270142180095	0.020311442112389978	2	41	21.0	21.0	10.0	4.0
5	212	Shox2	0.07582938388625593	0.004017151884450463	0.09004739336492892	0.032566012186865265	0	64	10.0	5.0	8.0	3.0
5	212	Tlx3	0.06161137440758294	0.0030692845858722637	0.08056872037914692	0.03134732566012187	0	64	12.0	8.0	12.0	5.0
5	212	Phox2a	0.05687203791469195	0.004062288422477996	0.05687203791469195	0.012277138343489055	0	64	33.0	16.0	6.0	6.0
5	212	Isl1	0.03317535545023697	0.0004513653802753329	0.05213270142180095	0.039178515007898894	1	47	7.0	21.0	22.0	13.0
5	168	Kcnip3	0.08383233532934133	0.011543178702835293	0.10778443113772455	0.04898636462015727	0	40	8.0	3.0	1.0	1.0
5	168	Six3	0.017964071856287428	0.0006853762354808455	0.059880239520958084	0.027018252651323856	0	40	19.0	15.0	17.0	23.0
5	168	Shox2	0.08383233532934133	0.003823677945314191	0.09580838323353294	0.05529904047327032	1	37	6.0	5.0	2.0	2.0
5	168	Tlx3	0.05389221556886228	0.0015871870716398528	0.07185628742514971	0.03026477166149628	1	37	15.0	10.0	12.0	5.0
5	168	Phox2a	0.04191616766467066	0.0010821730033908088	0.05389221556886228	0.02615251424861121	1	37	20.0	21.0	14.0	8.0
5	168	Isl1	0.035928143712574856	0.0003607243344636029	0.059880239520958084	0.05071784142558257	0	40	7.0	15.0	19.0	13.0
5	141	Kcnip3	0.07142857142857142	0.013257965056526207	0.12142857142857143	0.1369475847893114	1	32	3.0	1.0	1.0	3.0
5	141	Six3	0.014285714285714285	0.0017985611510791368	0.05714285714285714	0.03530318602261048	1	32	18.0	18.0	13.0	22.0
5	141	Shox2	0.08571428571428572	0.008992805755395683	0.09999999999999999	0.06824254881808839	0	46	6.0	3.0	4.0	2.0
5	141	Tlx3	0.06428571428571428	0.012846865364850977	0.07142857142857142	0.06819116135662899	0	46	7.0	12.0	3.0	5.0
5	141	Phox2a	0.03571428571428571	0.002261048304213772	0.04285714285714286	0.02852004110996917	0	46	26.0	29.0	14.0	10.0
5	141	Isl1	0.04285714285714286	0.00015416238437821172	0.07142857142857142	0.065775950668037	1	32	9.0	12.0	23.0	11.0
5	126	Kcnip3	0.07200000000000001	0.012838709677419355	0.128	0.1715483870967742	1	24	3.0	1.0	1.0	1.0
5	126	Six3	0.016	0.0033548387096774194	0.048	0.04264516129032258	1	24	10.0	18.0	3.0	10.0
5	126	Shox2	0.08	0.009806451612903225	0.088	0.045806451612903226	0	38	9.0	4.0	3.0	2.0
5	126	Tlx3	0.064	0.014516129032258065	0.08	0.08122580645161291	0	38	6.0	7.0	2.0	3.0
5	126	Phox2a	0.024	0.002709677419354839	0.04	0.030258064516129033	0	38	16.0	26.0	12.0	13.0
5	126	Isl1	0.032	0.00012903225806451613	0.056	0.028516129032258065	3	15	18.0	13.0	9.0	8.0
5	105	Kcnip3	0.06730769230769232	0.009148618371919343	0.13461538461538464	0.1722367438386856	1	22	2.0	1.0	1.0	1.0
5	105	Six3	0.0	0.0	0.038461538461538464	0.03874159820761763	1	22	11.0	25.0	22.0	22.0
5	105	Shox2	0.07692307692307693	0.015589992531740106	0.07692307692307693	0.09746079163554892	0	27	4.0	5.0	1.0	2.0
5	105	Tlx3	0.057692307692307696	0.0013069454817027633	0.06730769230769232	0.05321135175504108	0	27	9.0	9.0	12.0	3.0
5	105	Phox2a	0.028846153846153848	0.0003734129947722181	0.038461538461538464	0.028286034353995522	4	11	16.0	25.0	2.0	2.0
5	105	Isl1	0.038461538461538464	0.00018670649738610905	0.04807692307692308	0.03528752800597461	3	12	14.0	16.0	6.0	4.0
5	91	Kcnip3	0.03333333333333333	0.0033707865168539327	0.12222222222222223	0.13870162297128588	3	15	3.0	1.0	1.0	3.0
5	91	Six3	0.044444444444444446	0.0016229712858926342	0.044444444444444446	0.030337078651685393	1	16	16.0	21.0	3.0	1.0
5	91	Shox2	0.07777777777777778	0.01772784019975031	0.07777777777777778	0.07478152309612983	0	33	8.0	5.0	3.0	2.0
5	91	Tlx3	0.05555555555555556	0.0034956304619225965	0.05555555555555556	0.15218476903870162	0	33	2.0	13.0	9.0	6.0
5	91	Phox2a	0.044444444444444446	0.006741573033707865	0.044444444444444446	0.019850187265917602	0	33	21.0	21.0	6.0	7.0
5	91	Isl1	0.03333333333333333	0.00012484394506866417	0.044444444444444446	0.018476903870162296	2	15	26.0	21.0	11.0	10.0
5	79	Kcnip3	0.038461538461538464	0.0031635031635031635	0.14102564102564102	0.17282717282717283	3	10	1.0	1.0	1.0	2.0
5	79	Six3	0.05128205128205128	0.001332001332001332	0.05128205128205128	0.021811521811521812	2	10	14.0	16.0	1.0	1.0
5	79	Shox2	0.038461538461538464	0.001998001998001998	0.05128205128205128	0.01431901431901432	0	19	19.0	16.0	9.0	5.0
5	79	Tlx3	0.02564102564102564	0.0001665001665001665	0.038461538461538464	0.1063936063936064	4	9	4.0	20.0	1.0	2.0
5	79	Phox2a	0.05128205128205128	0.0	0.05128205128205128	0.0	4	9	79.0	16.0	9.0	1.0
5	79	Isl1	0.02564102564102564	0.0	0.02564102564102564	0.011322011322011322	1	12	21.0	33.0	12.0	9.0
5	67	Kcnip3	0.07575757575757576	0.00675990675990676	0.16666666666666669	0.16946386946386946	1	13	1.0	1.0	1.0	2.0
5	67	Six3	0.030303030303030304	0.002797202797202797	0.030303030303030304	0.015617715617715617	2	9	15.0	28.0	2.0	3.0
5	67	Shox2	0.045454545454545456	0.002564102564102564	0.045454545454545456	0.010256410256410256	0	20	20.0	14.0	6.0	4.0
5	67	Tlx3	0.015151515151515152	0.0013986013986013986	0.030303030303030304	0.10303030303030303	3	9	4.0	28.0	5.0	7.0
5	67	Phox2a	0.045454545454545456	0.0	0.045454545454545456	0.0	4	5	67.0	14.0	5.0	1.0
5	67	Isl1	0.0	0.0	0.0	0.0	1	13	67.0	67.0	13.0	13.0
5	46	Kcnip3	0.13333333333333333	0.01919191919191919	0.2	0.2631313131313131	0	14	1.0	1.0	1.0	1.0
5	46	Six3	0.022222222222222223	0.0030303030303030303	0.022222222222222223	0.009595959595959595	0	14	23.0	34.0	5.0	9.0
5	46	Shox2	0.044444444444444446	0.0030303030303030303	0.044444444444444446	0.014646464646464647	1	12	19.0	23.0	5.0	5.0
5	46	Tlx3	0.022222222222222223	0.00202020202020202	0.044444444444444446	0.14444444444444443	3	7	4.0	23.0	3.0	5.0
5	38	Kcnip3	0.08108108108108109	0.006756756756756757	0.1891891891891892	0.09984984984984985	1	8	1.0	1.0	2.0	3.0
5	38	Six3	0.02702702702702703	0.0015015015015015015	0.02702702702702703	0.01126126126126126	4	4	11.0	27.0	2.0	3.0
5	38	Shox2	0.05405405405405406	0.0045045045045045045	0.05405405405405406	0.008258258258258258	0	10	17.0	17.0	4.0	4.0
5	38	Tlx3	0.02702702702702703	0.003003003003003003	0.05405405405405406	0.03303303303303303	2	7	3.0	17.0	2.0	5.0
5	24	Kcnip3	0.08695652173913043	0.005928853754940711	0.2608695652173913	0.1126482213438735	0	8	1.0	1.0	1.0	2.0
5	24	Six3	0.0	0.0	0.0	0.0	4	3	24.0	24.0	3.0	3.0
5	24	Tlx3	0.0	0.0	0.0	0.0	0	8	24.0	24.0	8.0	8.0
5	22	Kcnip3	0.09523809523809523	0.004761904761904762	0.2857142857142857	0.1619047619047619	2	4	1.0	1.0	1.0	1.0
5	22	Six3	0.0	0.0	0.0	0.0	3	3	22.0	22.0	3.0	3.0
5	22	Tlx3	0.0	0.0	0.0	0.0	1	6	22.0	22.0	6.0	6.0
5	15	Kcnip3	0.21428571428571427	0.038461538461538464	0.2857142857142857	0.18681318681318682	0	6	1.0	1.0	1.0	1.0
5	15	Six3	0.0	0.0	0.0	0.0	3	3	15.0	15.0	3.0	3.0
