run	nodes	geneid	local_outdegree_centrality	local_betweenness_centrality	outdegree_centrality	betweenness_centrality	community	community_size	rank_betweenness	rank_outdegree	rank_local_betweenness	rank_local_outdegree
1	471	Otx2	0.1595744680851064	0.002259220614253958	0.2914893617021277	0.012457469491448532	2	136	20.0	2.0	6.0	6.0
1	471	Pou3f4	0.11914893617021277	0.00206414734836456	0.1425531914893617	0.010225468402667512	1	136	30.0	41.0	5.0	7.0
1	471	Rfx4	0.05319148936170213	0.00044458558272467445	0.14680851063829786	0.008242979630721771	3	58	39.0	36.0	7.0	11.0
1	471	Pax6	0.1574468085106383	0.0025450256317198204	0.23404255319148937	0.014217665472031937	0	141	14.0	11.0	3.0	4.0
1	471	Irx3	0.13191489361702127	0.0015106836637481286	0.2276595744680851	0.015252007440003629	0	141	11.0	12.0	14.0	7.0
1	471	Dbx1	0.04893617021276596	0.00013609762736469625	0.07872340425531915	0.004418636301773806	3	58	84.0	103.0	24.0	15.0
1	441	Otx2	0.1477272727272727	0.0025885276454752537	0.2681818181818182	0.017886726030234005	1	129	10.0	3.0	4.0	7.0
1	441	Pou3f4	0.10681818181818181	0.002277904328018223	0.12045454545454545	0.006978670532201284	2	126	59.0	46.0	6.0	7.0
1	441	Rfx4	0.05909090909090909	0.0006316007454959619	0.13863636363636364	0.0132636156554152	3	55	21.0	32.0	3.0	6.0
1	441	Pax6	0.1590909090909091	0.003950093186995237	0.22727272727272727	0.012958169393249121	0	131	23.0	9.0	1.0	3.0
1	441	Irx3	0.125	0.0017601987989231726	0.20909090909090908	0.014454338372333817	0	131	15.0	12.0	13.0	6.0
1	441	Dbx1	0.04772727272727272	0.0002640298198384759	0.07045454545454545	0.0035566369848829987	3	55	102.0	101.0	17.0	13.0
1	419	Otx2	0.1339712918660287	0.002501348203733664	0.24880382775119617	0.022340022718667172	2	120	5.0	3.0	6.0	6.0
1	419	Pou3f4	0.10047846889952153	0.0024726630179110302	0.11483253588516745	0.00918499650040733	1	122	46.0	38.0	7.0	7.0
1	419	Rfx4	0.05263157894736842	0.0003958555643523459	0.11722488038277512	0.010894633575436302	3	52	39.0	34.0	10.0	8.0
1	419	Pax6	0.13636363636363635	0.003379114889906257	0.20095693779904306	0.016740674446089062	0	125	17.0	8.0	5.0	3.0
1	419	Irx3	0.10765550239234449	0.001600633368902964	0.1770334928229665	0.014772870698656387	0	125	25.0	15.0	12.0	8.0
1	419	Dbx1	0.050239234449760764	0.00020653333792296306	0.06937799043062201	0.005805881610501073	3	52	72.0	90.0	19.0	13.0
1	398	Otx2	0.1234256926952141	0.0033394397374246244	0.21914357682619648	0.0386738925781747	2	105	1.0	4.0	3.0	5.0
1	398	Pou3f4	0.08564231738035265	0.0018191995521970334	0.0982367758186398	0.010635320458998041	1	108	48.0	40.0	13.0	9.0
1	398	Rfx4	0.0579345088161209	0.0007314963234358701	0.10075566750629722	0.010781619723685215	0	148	47.0	39.0	47.0	28.0
1	398	Pax6	0.1486146095717884	0.005998269852174135	0.18639798488664988	0.02824211892221968	0	148	3.0	8.0	3.0	3.0
1	398	Irx3	0.11838790931989925	0.0016029310739638196	0.14609571788413098	0.014788947408594764	0	148	25.0	16.0	24.0	7.0
1	398	Dbx1	0.027707808564231738	0.0002226293158283083	0.05037783375314861	0.004509833854922016	3	37	94.0	104.0	11.0	13.0
1	387	Otx2	0.11139896373056996	0.004205638920664828	0.18911917098445596	0.028140771145952495	1	113	5.0	4.0	3.0	5.0
1	387	Pou3f4	0.07772020725388601	0.0018504811250925242	0.09067357512953368	0.007906601170849875	2	102	67.0	33.0	11.0	10.0
1	387	Rfx4	0.044041450777202076	0.0008007536504945832	0.09067357512953368	0.013855056860238208	3	56	33.0	33.0	8.0	9.0
1	387	Pax6	0.11917098445595856	0.004037413363838235	0.17098445595854922	0.03737971872686899	0	116	1.0	8.0	5.0	3.0
1	387	Irx3	0.08290155440414508	0.0013861785882511271	0.12435233160621761	0.018760514097301662	0	116	13.0	16.0	19.0	8.0
1	387	Dbx1	0.038860103626943004	0.0012044949868784066	0.044041450777202076	0.009494650427292915	3	56	55.0	100.0	2.0	15.0
1	366	Otx2	0.10684931506849316	0.0036880927291886197	0.1643835616438356	0.027434893873250037	1	101	7.0	5.0	4.0	5.0
1	366	Pou3f4	0.07671232876712329	0.0027096191479753125	0.09041095890410959	0.01337498118320036	2	97	38.0	21.0	7.0	4.0
1	366	Rfx4	0.030136986301369864	0.0005720307090170104	0.06301369863013699	0.01068794219479151	3	56	52.0	53.0	15.0	20.0
1	366	Pax6	0.12328767123287672	0.004365497516182448	0.1589041095890411	0.019652265542676503	0	112	22.0	6.0	4.0	3.0
1	366	Irx3	0.0821917808219178	0.0022128556375131717	0.11232876712328767	0.02827788649706458	0	112	5.0	14.0	14.0	6.0
1	366	Dbx1	0.03287671232876713	0.0015203974108083697	0.038356164383561646	0.012780370314616889	3	56	44.0	104.0	2.0	16.0
1	353	Otx2	0.10227272727272728	0.005495661745661746	0.15625	0.04744560994560995	1	99	1.0	4.0	2.0	5.0
1	353	Pou3f4	0.06534090909090909	0.002646658896658897	0.08238636363636363	0.01736920486920487	2	92	30.0	21.0	9.0	5.0
1	353	Rfx4	0.02840909090909091	0.000687969437969438	0.05113636363636364	0.009987697487697489	3	53	59.0	57.0	16.0	17.0
1	353	Pax6	0.11647727272727273	0.004176379176379177	0.13920454545454547	0.019667832167832168	0	109	23.0	6.0	5.0	2.0
1	353	Irx3	0.07670454545454546	0.0035612535612535613	0.09943181818181819	0.02043673918673919	0	109	22.0	16.0	7.0	6.0
1	353	Dbx1	0.03125	0.001796814296814297	0.036931818181818184	0.015200077700077702	3	53	38.0	91.0	3.0	13.0
1	335	Otx2	0.09580838323353294	0.006941072809336282	0.1347305389221557	0.05093416770063477	1	99	1.0	4.0	2.0	6.0
1	335	Pou3f4	0.04491017964071856	0.0014565463667260076	0.07784431137724551	0.02254050457643272	2	72	21.0	21.0	14.0	9.0
1	335	Rfx4	0.02694610778443114	0.00040459621297944654	0.05089820359281438	0.014178849508190827	3	35	50.0	43.0	13.0	8.0
1	335	Pax6	0.10479041916167665	0.0031828235421049794	0.125748502994012	0.018521515527503554	0	101	32.0	6.0	9.0	2.0
1	335	Irx3	0.0688622754491018	0.002904101706496916	0.08982035928143713	0.017622412831993672	0	101	35.0	16.0	11.0	7.0
1	335	Dbx1	0.011976047904191617	0.0009980039920159682	0.02694610778443114	0.02142561723400047	4	28	24.0	102.0	1.0	16.0
1	321	Otx2	0.08750000000000001	0.006357758620689656	0.12187500000000001	0.041408699059561134	0	98	4.0	3.0	3.0	6.0
1	321	Pou3f4	0.053125000000000006	0.002106191222570533	0.059375000000000004	0.014664968652037619	2	78	46.0	24.0	14.0	3.0
1	321	Rfx4	0.028125	0.0005877742946708464	0.046875	0.021522335423197494	3	51	30.0	39.0	20.0	9.0
1	321	Pax6	0.09375	0.005221394984326019	0.109375	0.02929075235109718	1	94	15.0	5.0	4.0	2.0
1	321	Irx3	0.065625	0.0033601097178683386	0.084375	0.025881661442006272	1	94	22.0	13.0	9.0	5.0
1	321	Dbx1	0.021875000000000002	0.0028898902821316618	0.021875000000000002	0.016369514106583074	3	51	41.0	108.0	1.0	17.0
1	302	Otx2	0.07308970099667775	0.004152823920265781	0.09966777408637874	0.024318936877076414	1	77	22.0	4.0	4.0	6.0
1	302	Pou3f4	0.046511627906976744	0.0027464008859357696	0.053156146179401995	0.018803986710963456	2	73	36.0	25.0	8.0	3.0
1	302	Rfx4	0.023255813953488372	0.0007641196013289037	0.04318936877076412	0.022547065337763014	3	54	24.0	36.0	21.0	15.0
1	302	Pax6	0.08305647840531562	0.0048504983388704325	0.09302325581395349	0.04365448504983389	0	93	9.0	7.0	5.0	2.0
1	302	Irx3	0.059800664451827246	0.0042746400885935775	0.07308970099667775	0.021794019933554818	0	93	25.0	14.0	6.0	5.0
1	302	Dbx1	0.019933554817275746	0.003842746400885936	0.019933554817275746	0.02330011074197121	3	54	23.0	99.0	1.0	18.0
1	286	Otx2	0.056140350877192984	0.0037311588831233015	0.0736842105263158	0.01422041018038053	1	76	49.0	9.0	6.0	7.0
1	286	Pou3f4	0.03508771929824561	0.0003829997529033852	0.04912280701754386	0.02645169261181122	3	40	22.0	24.0	15.0	5.0
1	286	Rfx4	0.021052631578947368	0.0011984185816654312	0.042105263157894736	0.05203854707190512	3	40	7.0	31.0	8.0	12.0
1	286	Pax6	0.06666666666666667	0.004126513466765506	0.08070175438596491	0.024833209785025945	0	85	28.0	5.0	10.0	3.0
1	286	Irx3	0.052631578947368425	0.0068322213985668396	0.05964912280701754	0.02577217692117618	0	85	25.0	17.0	2.0	6.0
1	286	Dbx1	0.017543859649122806	0.0022732888559426736	0.021052631578947368	0.025920434890042008	4	38	24.0	86.0	3.0	11.0
1	272	Otx2	0.05166051660516605	0.0038130381303813038	0.06273062730627306	0.017589175891758915	1	76	41.0	8.0	5.0	6.0
1	272	Pou3f4	0.033210332103321034	0.00046467131337980046	0.04428044280442804	0.016140494738280716	4	35	48.0	20.0	14.0	5.0
1	272	Rfx4	0.02214022140221402	0.0013803471368047013	0.04428044280442804	0.05450321169878365	3	39	7.0	20.0	9.0	6.0
1	272	Pax6	0.05904059040590406	0.004100041000410004	0.07011070110701106	0.032663659969933034	0	80	23.0	6.0	9.0	3.0
1	272	Irx3	0.047970479704797044	0.005316386497198305	0.055350553505535055	0.03512368457017903	0	80	21.0	14.0	6.0	5.0
1	272	Dbx1	0.014760147601476014	0.002009020090200902	0.01845018450184502	0.015279486128194615	3	39	49.0	90.0	5.0	17.0
1	248	Otx2	0.05668016194331984	0.004937296336526118	0.06477732793522267	0.03872486093281985	1	61	24.0	6.0	4.0	4.0
1	248	Pou3f4	0.03643724696356275	0.0006418485237483953	0.04453441295546559	0.035021888680425266	3	31	29.0	15.0	9.0	1.0
1	248	Rfx4	0.020242914979757085	0.0012014087752213554	0.03643724696356275	0.06597873671044402	4	27	7.0	24.0	4.0	5.0
1	248	Pax6	0.05263157894736842	0.0005266449425627859	0.05668016194331984	0.036420789309107665	0	68	28.0	7.0	20.0	2.0
1	248	Irx3	0.032388663967611336	0.0014482735920476613	0.03643724696356275	0.03252032520325203	0	68	31.0	24.0	10.0	7.0
1	248	Dbx1	0.004048582995951417	0.0003785260524670024	0.008097165991902834	0.012606563312596688	5	25	64.0	122.0	7.0	20.0
1	228	Otx2	0.061674008810572695	0.006315543253674321	0.06607929515418502	0.04804880901329383	0	54	25.0	4.0	2.0	3.0
1	228	Pou3f4	0.03524229074889868	0.002534014268449573	0.04405286343612335	0.0600756305797045	1	43	16.0	9.0	6.0	1.0
1	228	Rfx4	0.01762114537444934	0.0006627421932868115	0.030837004405286347	0.0677946278897509	3	27	12.0	25.0	12.0	6.0
1	228	Pax6	0.03524229074889868	0.0	0.052863436123348026	0.012026821566410667	2	31	67.0	7.0	31.0	4.0
1	228	Irx3	0.03524229074889868	0.0007796966979844841	0.039647577092511016	0.027230907177108105	2	31	40.0	12.0	2.0	4.0
1	228	Dbx1	0.004405286343612335	0.001189037464426338	0.00881057268722467	0.051304042727379054	4	26	22.0	111.0	6.0	20.0
1	217	Otx2	0.05092592592592592	0.005792420327304048	0.06018518518518518	0.03619724375538329	0	54	23.0	3.0	4.0	4.0
1	217	Pou3f4	0.027777777777777776	0.004521963824289405	0.046296296296296294	0.08813522825150732	1	40	7.0	7.0	3.0	3.0
1	217	Rfx4	0.018518518518518517	0.0006029285099052541	0.027777777777777776	0.13285960378983636	6	13	3.0	25.0	3.0	3.0
1	217	Pax6	0.037037037037037035	0.0	0.041666666666666664	0.0	2	28	217.0	8.0	28.0	2.0
1	217	Irx3	0.027777777777777776	0.0010551248923341945	0.027777777777777776	0.04888027562446167	2	28	19.0	25.0	2.0	5.0
1	217	Dbx1	0.009259259259259259	0.0011412575366063738	0.009259259259259259	0.0799526270456503	3	26	10.0	100.0	6.0	12.0
1	197	Otx2	0.0510204081632653	0.005049712192569335	0.05612244897959183	0.03534798534798535	0	45	22.0	3.0	3.0	4.0
1	197	Pou3f4	0.04081632653061224	0.006384092098377813	0.04591836734693877	0.09701726844583987	1	35	10.0	8.0	2.0	1.0
1	197	Rfx4	0.015306122448979591	0.0006802721088435374	0.030612244897959183	0.14678178963893249	6	14	4.0	17.0	3.0	3.0
1	197	Pax6	0.04591836734693877	0.0	0.04591836734693877	0.0	2	33	197.0	8.0	33.0	1.0
1	197	Irx3	0.02551020408163265	0.0009419152276295133	0.02551020408163265	0.04170591313448456	2	33	18.0	28.0	4.0	6.0
1	197	Dbx1	0.00510204081632653	0.0012558869701726845	0.01020408163265306	0.21475667189952904	3	25	1.0	90.0	5.0	18.0
1	182	Otx2	0.04419889502762431	0.007120933087783917	0.049723756906077346	0.04343155310006139	0	41	13.0	4.0	3.0	4.0
1	182	Pou3f4	0.022099447513812154	0.0015039901780233272	0.04419889502762431	0.05085942295887048	3	23	11.0	6.0	3.0	3.0
1	182	Rfx4	0.011049723756906077	0.00021485573971761817	0.016574585635359115	0.005310006138735421	2	24	61.0	51.0	10.0	10.0
1	182	Pax6	0.03867403314917127	0.0	0.03867403314917127	0.0	1	34	182.0	9.0	34.0	2.0
1	182	Irx3	0.016574585635359115	0.00027624309392265195	0.016574585635359115	0.004143646408839779	1	34	64.0	51.0	3.0	6.0
1	182	Dbx1	0.0055248618784530384	6.138735420503377e-05	0.011049723756906077	0.13406998158379374	4	23	2.0	72.0	14.0	15.0
1	157	Otx2	0.03205128205128205	0.0015715467328370554	0.038461538461538464	0.014846980976013235	5	17	13.0	8.0	2.0	2.0
1	157	Pou3f4	0.04487179487179487	0.005872622001654259	0.05128205128205128	0.030024813895781637	0	28	3.0	3.0	1.0	1.0
1	157	Rfx4	0.00641025641025641	0.0	0.01282051282051282	0.0	0	28	157.0	57.0	28.0	20.0
1	157	Pax6	0.04487179487179487	0.0	0.04487179487179487	0.0	2	25	157.0	5.0	25.0	1.0
1	157	Irx3	0.019230769230769232	8.271298593879239e-05	0.019230769230769232	0.0007030603804797353	2	25	61.0	32.0	6.0	6.0
1	157	Dbx1	0.00641025641025641	0.0019437551695616212	0.01282051282051282	0.0217535153019024	1	26	8.0	57.0	4.0	18.0
1	128	Otx2	0.031496062992125984	0.0007499062617172853	0.03937007874015748	0.01418572678415198	3	12	7.0	8.0	2.0	2.0
1	128	Pou3f4	0.05511811023622047	0.003812023497062867	0.05511811023622047	0.009311336082989626	1	22	12.0	3.0	1.0	1.0
1	128	Rfx4	0.007874015748031496	0.0	0.015748031496062992	0.0	1	22	128.0	44.0	22.0	15.0
1	128	Pax6	0.05511811023622047	0.0	0.05511811023622047	0.0	0	23	128.0	3.0	23.0	1.0
1	128	Irx3	0.015748031496062992	6.249218847644044e-05	0.015748031496062992	0.0006874140732408448	0	23	48.0	44.0	6.0	6.0
1	128	Dbx1	0.007874015748031496	6.249218847644044e-05	0.015748031496062992	0.011061117360329957	2	12	8.0	44.0	4.0	5.0
1	53	Otx2	0.07692307692307693	0.0	0.09615384615384616	0.013574660633484163	6	6	10.0	4.0	6.0	1.0
1	53	Dbx1	0.019230769230769232	0.0007541478129713424	0.019230769230769232	0.020361990950226245	2	9	7.0	27.0	2.0	6.0
2	429	Pou3f4	0.10514018691588785	0.0014171901332924776	0.1144859813084112	0.003687977412506293	2	113	92.0	32.0	13.0	2.0
2	429	Pax6	0.14018691588785046	0.0017837991639125391	0.21495327102803738	0.02126879555254	1	125	10.0	6.0	11.0	3.0
2	429	Irx3	0.10046728971962617	0.0014062465801396398	0.1822429906542056	0.01671627744095953	1	125	17.0	12.0	15.0	8.0
2	429	Rfx4	0.053738317757009345	0.0008535971459213378	0.102803738317757	0.00809822933309987	3	60	46.0	44.0	3.0	7.0
2	429	Otx2	0.17523364485981308	0.004798748057519316	0.2780373831775701	0.03227801002429469	0	131	4.0	1.0	2.0	2.0
2	429	Dbx1	0.0397196261682243	0.000618310753135328	0.06074766355140186	0.010314298846549498	3	60	33.0	99.0	10.0	22.0
2	407	Pou3f4	0.09852216748768473	0.002061667578908958	0.10837438423645321	0.005649820592349327	2	106	74.0	24.0	9.0	2.0
2	407	Pax6	0.13793103448275862	0.0025846864927324695	0.19704433497536947	0.026448944839749435	1	117	9.0	5.0	8.0	2.0
2	407	Irx3	0.10344827586206896	0.0008149364471203551	0.1625615763546798	0.013902572523262179	1	117	26.0	11.0	26.0	6.0
2	407	Rfx4	0.034482758620689655	0.00048652922216140606	0.07881773399014778	0.01407285775101867	3	61	25.0	56.0	22.0	21.0
2	407	Otx2	0.16995073891625617	0.0064404305783616125	0.2438423645320197	0.03663565042875388	0	123	2.0	1.0	1.0	1.0
2	407	Dbx1	0.04187192118226601	0.0009000790609986012	0.054187192118226604	0.011694946177704798	3	61	37.0	98.0	9.0	18.0
2	387	Pou3f4	0.08290155440414508	0.002604131619675661	0.09326424870466321	0.008411277841329655	2	101	56.0	27.0	6.0	3.0
2	387	Pax6	0.11139896373056996	0.0036740461610927934	0.1761658031088083	0.02180876118699953	0	114	14.0	6.0	5.0	3.0
2	387	Irx3	0.06735751295336788	0.001588049256443039	0.14248704663212436	0.01656685283628289	3	66	28.0	9.0	3.0	1.0
2	387	Rfx4	0.03367875647668394	0.0002624318686494852	0.06735751295336788	0.007092389475809165	3	66	62.0	53.0	31.0	23.0
2	387	Otx2	0.1450777202072539	0.005686023820738847	0.22020725388601037	0.033577821142587984	1	106	4.0	1.0	2.0	3.0
2	387	Dbx1	0.03367875647668394	0.0009622501850481126	0.044041450777202076	0.01747527084314649	3	66	25.0	99.0	10.0	23.0
2	356	Pou3f4	0.07605633802816902	0.004273096204344712	0.08169014084507042	0.013185326649160499	2	97	38.0	25.0	3.0	3.0
2	356	Pax6	0.08732394366197184	0.0035728495265377573	0.14929577464788732	0.028869260762313994	0	105	11.0	7.0	6.0	3.0
2	356	Irx3	0.061971830985915494	0.000549057054189544	0.12394366197183099	0.009612477122622741	3	54	52.0	10.0	15.0	2.0
2	356	Rfx4	0.030985915492957747	3.9786743057213336e-05	0.061971830985915494	0.00492559879048301	3	54	92.0	43.0	37.0	17.0
2	356	Otx2	0.11830985915492959	0.0057849924405188186	0.18591549295774648	0.03950823585581284	1	100	5.0	1.0	3.0	4.0
2	356	Dbx1	0.030985915492957747	0.001145858200047744	0.036619718309859155	0.010344553194875466	3	54	44.0	96.0	6.0	17.0
2	338	Pou3f4	0.06528189910979229	0.005095732655079835	0.06824925816023739	0.021954924402995617	0	96	25.0	28.0	2.0	3.0
2	338	Pax6	0.09198813056379822	0.003779850219019358	0.1483679525222552	0.053006217323724736	2	92	1.0	7.0	8.0	3.0
2	338	Irx3	0.05637982195845698	0.0009891196834817012	0.10979228486646884	0.02533736046347322	3	50	20.0	10.0	8.0	1.0
2	338	Rfx4	0.01483679525222552	3.532570298148933e-05	0.04747774480712166	0.00859297725024728	3	50	66.0	60.0	32.0	26.0
2	338	Otx2	0.11275964391691395	0.0067030521407376005	0.16023738872403562	0.03491062597145683	1	96	10.0	3.0	4.0	4.0
2	338	Dbx1	0.02967359050445104	0.002199025010597711	0.03857566765578635	0.026644411473788328	3	50	16.0	76.0	1.0	13.0
2	322	Pou3f4	0.056074766355140186	0.005315420560747664	0.059190031152647975	0.030578271028037386	2	84	16.0	23.0	3.0	3.0
2	322	Pax6	0.09345794392523364	0.003543613707165109	0.12461059190031153	0.04669976635514019	0	94	4.0	6.0	8.0	2.0
2	322	Irx3	0.04984423676012461	0.0027453271028037383	0.09968847352024922	0.03844431464174455	3	55	7.0	8.0	3.0	2.0
2	322	Rfx4	0.01557632398753894	0.00018496884735202493	0.037383177570093455	0.008956386292834892	3	55	67.0	63.0	31.0	27.0
2	322	Otx2	0.09034267912772585	0.007457165109034269	0.1308411214953271	0.03975856697819315	1	89	5.0	5.0	3.0	6.0
2	322	Dbx1	0.028037383177570093	0.003319704049844237	0.03115264797507788	0.025029205607476637	3	55	24.0	75.0	2.0	10.0
2	304	Pou3f4	0.039603960396039604	0.0063820951631587	0.0429042904290429	0.031211068126680216	0	81	18.0	33.0	2.0	12.0
2	304	Pax6	0.08250825082508251	0.0038358140449806567	0.10891089108910891	0.05086005289270649	2	77	5.0	5.0	5.0	2.0
2	304	Irx3	0.056105610561056105	0.0021419360479094265	0.09240924092409242	0.01943041986317837	3	55	34.0	8.0	7.0	1.0
2	304	Rfx4	0.009900990099009901	0.00010928245142395033	0.033003300330033	0.010064913776145826	3	55	68.0	56.0	32.0	29.0
2	304	Otx2	0.08250825082508251	0.005289270648919197	0.12211221122112212	0.04754879461456079	1	80	6.0	3.0	3.0	4.0
2	304	Dbx1	0.023102310231023104	0.004251087360391668	0.0297029702970297	0.033265578213450483	3	55	15.0	61.0	2.0	13.0
2	281	Pou3f4	0.03571428571428571	0.006246799795186892	0.039285714285714285	0.0406041986687148	2	71	17.0	32.0	1.0	7.0
2	281	Pax6	0.08214285714285714	0.008538146441372248	0.10714285714285714	0.052547363031234	0	78	7.0	2.0	2.0	2.0
2	281	Irx3	0.03214285714285714	0.001318484383000512	0.075	0.05647721454173067	3	32	6.0	9.0	4.0	2.0
2	281	Rfx4	0.014285714285714285	0.0009728622631848438	0.03214285714285714	0.02267025089605735	3	32	34.0	43.0	6.0	13.0
2	281	Otx2	0.075	0.006554019457245264	0.09999999999999999	0.06231438812083973	1	74	3.0	5.0	2.0	3.0
2	281	Dbx1	0.02857142857142857	0.003123399897593446	0.03214285714285714	0.046236559139784944	3	32	12.0	43.0	1.0	4.0
2	264	Pou3f4	0.022813688212927757	0.0010303892259019534	0.026615969581749048	0.02557106783153862	2	37	34.0	42.0	13.0	10.0
2	264	Pax6	0.06463878326996197	0.004121556903607814	0.09125475285171103	0.02407627782776536	1	66	37.0	3.0	4.0	2.0
2	264	Irx3	0.03802281368821293	0.0033814181638754243	0.07224334600760456	0.10215365860737817	3	33	1.0	7.0	2.0	2.0
2	264	Rfx4	0.015209125475285171	0.001407714857922387	0.034220532319391636	0.04758656720750007	3	33	17.0	29.0	4.0	10.0
2	264	Otx2	0.060836501901140684	0.004252169622384117	0.07984790874524715	0.06807825153107132	0	68	8.0	5.0	4.0	6.0
2	264	Dbx1	0.019011406844106463	0.0031782428235567293	0.019011406844106463	0.0587612109250283	3	33	11.0	67.0	3.0	5.0
2	243	Pou3f4	0.02066115702479339	0.0009601865505298173	0.024793388429752067	0.05428483248173931	2	38	15.0	40.0	10.0	11.0
2	243	Pax6	0.049586776859504134	0.001748911217036453	0.07851239669421488	0.01711189602551353	1	38	49.0	3.0	3.0	2.0
2	243	Irx3	0.028925619834710745	0.002794828709577861	0.049586776859504134	0.12418984259799047	3	31	3.0	14.0	3.0	2.0
2	243	Rfx4	0.012396694214876033	1.7146188402318165e-05	0.024793388429752067	0.06505263879839512	3	31	9.0	40.0	21.0	10.0
2	243	Otx2	0.05371900826446281	0.005006687013476905	0.06198347107438017	0.037635883543088375	0	60	23.0	7.0	2.0	6.0
2	243	Dbx1	0.01652892561983471	0.00598401975240904	0.01652892561983471	0.0645553993347279	3	31	12.0	65.0	2.0	7.0
2	221	Pou3f4	0.022727272727272728	0.0012245745122457451	0.02727272727272727	0.015504358655043588	2	31	47.0	32.0	9.0	10.0
2	221	Pax6	0.049999999999999996	0.0028227480282274806	0.06818181818181818	0.043586550435865505	1	38	17.0	6.0	2.0	2.0
2	221	Irx3	0.022727272727272728	0.0011415525114155253	0.045454545454545456	0.0701120797011208	4	26	10.0	13.0	6.0	4.0
2	221	Rfx4	0.013636363636363636	0.0007887090078870901	0.022727272727272728	0.02853881278538813	4	26	27.0	38.0	8.0	7.0
2	221	Otx2	0.049999999999999996	0.005479452054794521	0.05909090909090909	0.08727687837276879	0	62	6.0	7.0	2.0	6.0
2	221	Dbx1	0.00909090909090909	0.0020547945205479454	0.013636363636363636	0.07727272727272727	4	26	7.0	62.0	3.0	14.0
2	199	Pou3f4	0.025252525252525256	0.0023073373327180437	0.030303030303030304	0.03725067938265908	2	31	18.0	21.0	1.0	6.0
2	199	Pax6	0.04040404040404041	0.003153361021381326	0.05555555555555556	0.06273393836845614	1	36	12.0	6.0	2.0	2.0
2	199	Irx3	0.025252525252525256	0.00171768445880121	0.03535353535353536	0.09813874788494079	3	25	6.0	17.0	5.0	4.0
2	199	Rfx4	0.015151515151515152	0.0009742090960365073	0.015151515151515152	0.03263600471722299	3	25	24.0	51.0	7.0	6.0
2	199	Otx2	0.04040404040404041	0.004871045480182536	0.05050505050505051	0.03735322770855766	0	51	17.0	7.0	3.0	6.0
2	199	Dbx1	0.010101010101010102	0.002845716043685587	0.015151515151515152	0.043454853099523155	3	25	14.0	51.0	2.0	12.0
2	167	Pou3f4	0.01807228915662651	0.0029937933552391383	0.01807228915662651	0.019934282584884996	1	28	29.0	42.0	1.0	10.0
2	167	Pax6	0.024096385542168676	0.0011683096020445418	0.03614457831325302	0.012522818546914932	2	26	39.0	15.0	5.0	4.0
2	167	Irx3	0.03614457831325302	0.001022270901788974	0.042168674698795185	0.1230741146403797	6	13	6.0	10.0	1.0	1.0
2	167	Rfx4	0.006024096385542169	0.0	0.01807228915662651	0.05049288061336254	6	13	12.0	42.0	13.0	9.0
2	167	Otx2	0.03614457831325302	0.0059875867104782765	0.03614457831325302	0.023475721066082512	0	42	25.0	15.0	4.0	6.0
2	167	Dbx1	0.01807228915662651	0.002738225629791895	0.01807228915662651	0.048156261409273454	3	18	15.0	42.0	1.0	3.0
2	140	Pou3f4	0.02158273381294964	0.005161088520487957	0.02158273381294964	0.021791262642060265	1	25	9.0	31.0	1.0	6.0
2	140	Pax6	0.02877697841726619	0.001146908560108435	0.03597122302158273	0.028516317380877905	2	17	7.0	14.0	4.0	3.0
2	140	Irx3	0.03597122302158273	0.001199040767386091	0.05035971223021583	0.06761547283912	6	9	3.0	7.0	1.0	1.0
2	140	Rfx4	0.007194244604316547	0.0	0.02158273381294964	0.06834532374100719	6	9	2.0	31.0	9.0	7.0
2	140	Otx2	0.03597122302158273	0.004066312167657179	0.03597122302158273	0.004326973204045459	0	37	36.0	14.0	5.0	6.0
2	140	Dbx1	0.014388489208633094	0.000781983109164842	0.014388489208633094	0.0032843290584923363	4	16	42.0	50.0	2.0	5.0
2	123	Pou3f4	0.00819672131147541	0.006299959355100936	0.00819672131147541	0.022219211488958137	1	25	9.0	78.0	2.0	18.0
2	123	Pax6	0.03278688524590164	0.0014225714672808564	0.03278688524590164	0.026080476900149033	3	15	8.0	16.0	4.0	2.0
2	123	Irx3	0.03278688524590164	0.002709659937677822	0.04918032786885246	0.04511583796233573	2	21	3.0	9.0	3.0	3.0
2	123	Rfx4	0.02459016393442623	0.003658040915865059	0.02459016393442623	0.04857065438287495	2	21	1.0	21.0	1.0	4.0
2	123	Otx2	0.03278688524590164	0.003522557918981168	0.03278688524590164	0.0037935239127489502	0	35	32.0	16.0	6.0	7.0
2	123	Dbx1	0.01639344262295082	0.0012193469719550198	0.01639344262295082	0.003861265411190896	2	21	30.0	43.0	5.0	8.0
2	90	Pou3f4	0.011235955056179775	0.0	0.011235955056179775	0.011874361593462718	2	12	17.0	55.0	12.0	8.0
2	90	Pax6	0.033707865168539325	0.0010214504596527069	0.0449438202247191	0.02323799795709908	3	11	9.0	10.0	1.0	2.0
2	90	Irx3	0.056179775280898875	0.004213483146067416	0.06741573033707865	0.049284984678243104	1	13	1.0	5.0	1.0	1.0
2	90	Rfx4	0.011235955056179775	0.0022982635342185904	0.02247191011235955	0.04915730337078652	1	13	2.0	30.0	2.0	9.0
2	90	Otx2	0.011235955056179775	0.0014044943820224719	0.011235955056179775	0.0019152196118488254	0	19	38.0	55.0	8.0	13.0
2	90	Dbx1	0.0	0.0	0.0	0.0	2	12	90.0	90.0	12.0	12.0
2	69	Pou3f4	0.014705882352941176	0.0	0.014705882352941176	0.021949078138718173	5	8	9.0	43.0	8.0	6.0
2	69	Pax6	0.029411764705882353	0.0013169446883230904	0.029411764705882353	0.011852502194907815	4	8	17.0	25.0	1.0	2.0
2	69	Irx3	0.058823529411764705	0.0026338893766461808	0.07352941176470588	0.038630377524143986	3	9	4.0	5.0	1.0	1.0
2	69	Rfx4	0.029411764705882353	0.001755926251097454	0.029411764705882353	0.043459174714661986	3	9	2.0	25.0	2.0	3.0
2	69	Otx2	0.014705882352941176	0.001755926251097454	0.014705882352941176	0.0030728709394205445	0	13	32.0	43.0	6.0	9.0
2	69	Dbx1	0.0	0.0	0.0	0.0	5	8	69.0	69.0	8.0	8.0
2	26	Pou3f4	0.04	0.0	0.04	0.0	4	4	26.0	17.0	4.0	3.0
2	26	Pax6	0.08	0.006666666666666667	0.08	0.02666666666666667	1	6	13.0	11.0	2.0	2.0
2	26	Irx3	0.08	0.011666666666666667	0.12	0.10166666666666667	0	7	4.0	3.0	2.0	2.0
2	26	Rfx4	0.04	0.0	0.08	0.1	0	7	5.0	11.0	7.0	6.0
2	26	Dbx1	0.0	0.0	0.0	0.0	2	5	26.0	26.0	5.0	5.0
2	16	Pax6	0.06666666666666667	0.009523809523809525	0.06666666666666667	0.02380952380952381	0	5	7.0	10.0	2.0	3.0
2	16	Irx3	0.13333333333333333	0.004761904761904762	0.2	0.05714285714285715	3	3	4.0	2.0	1.0	1.0
2	16	Rfx4	0.06666666666666667	0.0	0.13333333333333333	0.07142857142857144	3	3	1.0	5.0	3.0	2.0
2	16	Dbx1	0.0	0.0	0.0	0.0	1	5	16.0	16.0	5.0	5.0
2	14	Otx2	0.0	0.0	0.0	0.0	2	3	14.0	14.0	3.0	3.0
3	472	Pou3f4	0.10828025477707007	0.0009170167592718074	0.12951167728237792	0.0062429416813479695	2	128	58.0	38.0	26.0	7.0
3	472	Otx2	0.1740976645435244	0.002805258165063017	0.28662420382165604	0.017504630257035733	1	139	8.0	2.0	3.0	2.0
3	472	Pax6	0.15286624203821655	0.002805258165063017	0.22505307855626328	0.011970908433843791	0	149	22.0	12.0	7.0	5.0
3	472	Irx3	0.13800424628450106	0.0019063107015404074	0.22929936305732485	0.018426164340244838	0	149	6.0	11.0	11.0	7.0
3	472	Dbx1	0.055201698513800426	0.00040655915435695893	0.08280254777070063	0.005127162668834982	3	56	69.0	97.0	3.0	10.0
3	472	Rfx4	0.04670912951167728	0.0002258661968649772	0.12738853503184713	0.007846591679089307	3	56	46.0	41.0	18.0	17.0
3	442	Pou3f4	0.10204081632653061	0.0009070294784580498	0.12018140589569161	0.00779736136878994	2	123	49.0	36.0	29.0	7.0
3	442	Otx2	0.1655328798185941	0.0031127602556173983	0.272108843537415	0.021686250257678827	1	132	6.0	2.0	3.0	3.0
3	442	Pax6	0.14058956916099774	0.0018604411461554317	0.20408163265306123	0.009513502370645228	0	135	37.0	11.0	11.0	4.0
3	442	Irx3	0.11791383219954649	0.0013244691816120388	0.19954648526077098	0.015295815295815295	0	135	14.0	12.0	20.0	8.0
3	442	Dbx1	0.05895691609977324	0.000484436198721913	0.07936507936507936	0.007364460935889507	3	52	52.0	83.0	4.0	7.0
3	442	Rfx4	0.045351473922902494	0.00035559678416821275	0.11791383219954649	0.014363017934446505	3	52	15.0	38.0	12.0	17.0
3	414	Pou3f4	0.09927360774818403	0.0016337948705893415	0.11138014527845037	0.005336279649263029	2	111	82.0	29.0	12.0	3.0
3	414	Otx2	0.15254237288135594	0.0030560191823973295	0.2493946731234867	0.020116833964127036	0	124	8.0	1.0	4.0	4.0
3	414	Pax6	0.13075060532687652	0.002703401584428407	0.1961259079903148	0.016931521662474434	1	123	15.0	9.0	4.0	5.0
3	414	Irx3	0.1162227602905569	0.002250875667034956	0.18886198547215496	0.012870542325865677	1	123	28.0	11.0	9.0	7.0
3	414	Dbx1	0.053268765133171914	0.0009696983944145372	0.07263922518159807	0.01171865817250053	3	56	37.0	76.0	2.0	10.0
3	414	Rfx4	0.03389830508474576	0.0002703401584428407	0.1016949152542373	0.012553186487693647	3	56	29.0	41.0	20.0	21.0
3	384	Pou3f4	0.09660574412532637	0.0024879362432162727	0.10704960835509139	0.01088130356923161	2	102	42.0	27.0	4.0	3.0
3	384	Otx2	0.1462140992167102	0.003663554468032753	0.24804177545691905	0.02575424111109592	1	114	4.0	1.0	3.0	4.0
3	384	Pax6	0.13838120104438642	0.00263147102647875	0.18276762402088773	0.016260440446734924	0	120	23.0	9.0	9.0	3.0
3	384	Irx3	0.1227154046997389	0.002207701666370484	0.1801566579634465	0.012193621587631402	0	120	37.0	11.0	13.0	6.0
3	384	Dbx1	0.044386422976501305	0.0007655188440665454	0.06266318537859009	0.02046395909942176	3	48	15.0	80.0	3.0	12.0
3	384	Rfx4	0.03133159268929504	0.0004032643910707695	0.09399477806788512	0.025720066162700093	3	48	5.0	42.0	11.0	18.0
3	376	Pou3f4	0.07466666666666666	0.0034937611408199644	0.08266666666666667	0.015315508021390374	2	104	30.0	38.0	3.0	6.0
3	376	Otx2	0.13066666666666665	0.0039500891265597145	0.21333333333333332	0.032042780748663104	1	110	3.0	2.0	4.0	4.0
3	376	Pax6	0.11733333333333333	0.0031301247771836006	0.16533333333333333	0.023201426024955434	0	113	11.0	8.0	5.0	3.0
3	376	Irx3	0.10666666666666666	0.0022388591800356506	0.14666666666666667	0.016370766488413548	0	113	27.0	10.0	11.0	5.0
3	376	Dbx1	0.034666666666666665	0.0005989304812834224	0.048	0.012235294117647058	3	49	43.0	96.0	11.0	16.0
3	376	Rfx4	0.034666666666666665	0.0004705882352941176	0.072	0.02160427807486631	3	49	15.0	49.0	14.0	16.0
3	363	Pou3f4	0.06629834254143646	0.0035965167352810645	0.07734806629834254	0.0204083194319034	2	95	20.0	26.0	4.0	6.0
3	363	Otx2	0.11049723756906077	0.0037801686536783952	0.19060773480662982	0.0368834269447973	1	101	5.0	2.0	4.0	4.0
3	363	Pax6	0.11602209944751381	0.005693209470317259	0.13812154696132595	0.03394499625044	0	121	7.0	7.0	3.0	2.0
3	363	Irx3	0.1022099447513812	0.0025099095514301895	0.13259668508287292	0.020637884329900064	0	121	19.0	8.0	13.0	5.0
3	363	Dbx1	0.03038674033149171	0.0007116511837896574	0.049723756906077346	0.017554062533478215	3	46	27.0	62.0	9.0	13.0
3	363	Rfx4	0.022099447513812154	0.0001224346122648873	0.06629834254143646	0.023369706616060363	3	46	15.0	45.0	26.0	20.0
3	356	Pou3f4	0.053521126760563385	0.0035808068751492	0.061971830985915494	0.01636030874512612	1	100	30.0	33.0	8.0	5.0
3	356	Otx2	0.09014084507042254	0.003533062783480544	0.16338028169014085	0.04995623458263706	2	95	2.0	3.0	5.0	4.0
3	356	Pax6	0.09014084507042254	0.007050210869738203	0.10985915492957747	0.03296729529720697	0	125	10.0	10.0	3.0	5.0
3	356	Irx3	0.10704225352112677	0.0030397071695710985	0.12112676056338029	0.015962441314553988	0	125	34.0	7.0	16.0	2.0
3	356	Dbx1	0.01971830985915493	0.0009389671361502346	0.04225352112676056	0.01420386727142516	3	36	39.0	65.0	4.0	13.0
3	356	Rfx4	0.02535211267605634	0.0003501233389034773	0.04788732394366198	0.012119041935227181	0	125	45.0	54.0	41.0	25.0
3	342	Pou3f4	0.0469208211143695	0.0033983094704157324	0.05278592375366569	0.015326893220631362	2	93	40.0	33.0	6.0	8.0
3	342	Otx2	0.08211143695014662	0.004312575470070726	0.1466275659824047	0.04635156115232017	1	93	5.0	2.0	3.0	4.0
3	342	Pax6	0.07624633431085044	0.004855959979299638	0.09970674486803519	0.03414697257202001	0	96	9.0	7.0	4.0	5.0
3	342	Irx3	0.07624633431085044	0.0020096601690529586	0.0967741935483871	0.02001035018112817	0	96	29.0	8.0	17.0	5.0
3	342	Dbx1	0.026392961876832845	0.0012075211316198034	0.04105571847507331	0.023020527859237538	3	45	21.0	55.0	4.0	10.0
3	342	Rfx4	0.01466275659824047	0.0001293772641021218	0.03225806451612903	0.009039158185268244	3	45	59.0	74.0	26.0	22.0
3	327	Pou3f4	0.04294478527607362	0.004049079754601227	0.046012269938650305	0.024294478527607362	1	89	23.0	34.0	5.0	9.0
3	327	Otx2	0.07668711656441718	0.005445965077866918	0.12269938650306748	0.06291647003303445	2	89	3.0	2.0	2.0	4.0
3	327	Pax6	0.0705521472392638	0.006984426616328457	0.08588957055214724	0.0329683813119396	0	108	15.0	8.0	3.0	3.0
3	327	Irx3	0.06441717791411043	0.0030108541764983484	0.07668711656441718	0.01714959886739028	0	108	38.0	10.0	15.0	4.0
3	327	Dbx1	0.02147239263803681	0.0009344030202925908	0.03067484662576687	0.017404436054742803	3	41	36.0	65.0	8.0	15.0
3	327	Rfx4	0.012269938650306749	0.0	0.03067484662576687	0.011986786219915054	3	41	50.0	65.0	41.0	23.0
3	311	Pou3f4	0.041935483870967745	0.005418102098340119	0.04516129032258064	0.029606430733897068	2	83	18.0	26.0	4.0	4.0
3	311	Otx2	0.07096774193548387	0.004697776385844034	0.1064516129032258	0.03342728886105022	1	84	14.0	5.0	3.0	4.0
3	311	Pax6	0.06774193548387097	0.006201064829314124	0.07096774193548387	0.02486689633573442	0	104	28.0	9.0	5.0	3.0
3	311	Irx3	0.05806451612903226	0.004123603716463096	0.07096774193548387	0.027184466019417475	0	104	23.0	9.0	10.0	4.0
3	311	Dbx1	0.016129032258064516	0.0010439503079653408	0.02903225806451613	0.022591084664369977	3	40	35.0	60.0	6.0	17.0
3	311	Rfx4	0.012903225806451613	2.0879006159306817e-05	0.02258064516129032	0.026004802171416642	3	40	25.0	83.0	29.0	20.0
3	284	Pou3f4	0.04240282685512367	0.007267623988171316	0.045936395759717315	0.027917700423527054	1	79	28.0	18.0	4.0	4.0
3	284	Otx2	0.0706713780918728	0.006277723479437636	0.09540636042402827	0.032792020650076435	2	78	23.0	4.0	3.0	4.0
3	284	Pax6	0.05653710247349823	0.007580883642833872	0.05653710247349823	0.018895822369245422	0	93	45.0	14.0	5.0	4.0
3	284	Irx3	0.05653710247349823	0.0024183645339949378	0.06007067137809187	0.02026163446357417	0	93	41.0	9.0	22.0	4.0
3	284	Dbx1	0.010600706713780918	0.00028819888228955216	0.021201413427561835	0.04841741222464477	3	34	7.0	75.0	17.0	22.0
3	284	Rfx4	0.014134275618374558	0.00012530386186502269	0.021201413427561835	0.03736561160814977	3	34	15.0	75.0	21.0	17.0
3	269	Pou3f4	0.029850746268656716	0.0015791827379954162	0.033582089552238806	0.02206663312650232	4	31	40.0	31.0	2.0	4.0
3	269	Otx2	0.05223880597014925	0.003982894516183129	0.06716417910447761	0.019830622170048634	0	74	43.0	5.0	6.0	6.0
3	269	Pax6	0.04477611940298507	0.0057437531443904075	0.05223880597014925	0.04309911118564481	1	65	15.0	11.0	2.0	4.0
3	269	Irx3	0.04477611940298507	0.002012409860808318	0.05970149253731343	0.04002459612052099	1	65	18.0	7.0	8.0	4.0
3	269	Dbx1	0.018656716417910446	0.002641287942310917	0.018656716417910446	0.04119850187265917	3	41	17.0	70.0	3.0	10.0
3	269	Rfx4	0.011194029850746268	0.00115993068366035	0.014925373134328358	0.024652020794901894	3	41	35.0	87.0	17.0	21.0
3	252	Pou3f4	0.02390438247011952	0.0024223107569721117	0.027888446215139442	0.021402390438247012	4	35	34.0	33.0	4.0	7.0
3	252	Otx2	0.04780876494023904	0.00299601593625498	0.05976095617529881	0.01250996015936255	1	54	55.0	6.0	5.0	4.0
3	252	Pax6	0.043824701195219126	0.00498804780876494	0.05179282868525896	0.07572908366533865	0	68	7.0	9.0	4.0	3.0
3	252	Irx3	0.05179282868525896	0.00250199203187251	0.05976095617529881	0.03866135458167331	0	68	24.0	6.0	6.0	2.0
3	252	Dbx1	0.01593625498007968	0.00299601593625498	0.01593625498007968	0.012637450199203187	3	42	54.0	68.0	6.0	6.0
3	252	Rfx4	0.00398406374501992	0.0005099601593625498	0.01195219123505976	0.05104382470119522	4	35	16.0	86.0	16.0	31.0
3	234	Pou3f4	0.02145922746781116	0.008583690987124463	0.02575107296137339	0.04452789699570815	1	55	20.0	28.0	1.0	8.0
3	234	Otx2	0.03862660944206009	0.002756400769572295	0.05150214592274678	0.03316930590498742	0	62	27.0	7.0	9.0	7.0
3	234	Pax6	0.034334763948497854	0.0008879680331508066	0.04291845493562232	0.03846011543584431	2	30	25.0	9.0	2.0	3.0
3	234	Irx3	0.034334763948497854	0.0007769720290069557	0.05150214592274678	0.05198312860737013	2	30	13.0	7.0	3.0	3.0
3	234	Dbx1	0.017167381974248927	0.002626905431404469	0.017167381974248927	0.013005031818854521	4	29	55.0	55.0	3.0	5.0
3	234	Rfx4	0.004291845493562232	0.0	0.008583690987124463	0.015391445907947313	4	29	50.0	101.0	29.0	23.0
3	214	Pou3f4	0.018779342723004695	0.0011072725662148995	0.028169014084507043	0.049583665515103195	4	20	20.0	21.0	2.0	2.0
3	214	Otx2	0.03286384976525822	0.0030117813801045262	0.046948356807511735	0.0330853042785012	0	54	31.0	6.0	10.0	5.0
3	214	Pax6	0.03755868544600939	0.001727345203295243	0.03755868544600939	0.06065639117725219	1	44	14.0	9.0	2.0	2.0
3	214	Irx3	0.03286384976525822	0.001882363362565329	0.03755868544600939	0.07177340774204978	1	44	12.0	9.0	1.0	3.0
3	214	Dbx1	0.018779342723004695	0.00031003631854017186	0.018779342723004695	0.006621489945965098	6	11	62.0	45.0	1.0	1.0
3	214	Rfx4	0.004694835680751174	0.0	0.004694835680751174	0.017915670121357072	3	22	45.0	134.0	22.0	17.0
3	197	Pou3f4	0.02040816326530612	0.0010727367870225013	0.02551020408163265	0.05368916797488226	4	19	10.0	21.0	2.0	1.0
3	197	Otx2	0.03571428571428571	0.00413396127681842	0.0510204081632653	0.034432234432234435	0	53	22.0	5.0	9.0	5.0
3	197	Pax6	0.030612244897959183	0.00641025641025641	0.03571428571428571	0.038958660387231815	1	36	20.0	9.0	1.0	4.0
3	197	Irx3	0.030612244897959183	0.005049712192569335	0.03571428571428571	0.08396127681841968	1	36	1.0	9.0	2.0	4.0
3	197	Dbx1	0.015306122448979591	0.0002878074306645735	0.015306122448979591	0.007901622187336473	8	10	46.0	48.0	1.0	1.0
3	197	Rfx4	0.00510204081632653	0.001020408163265306	0.00510204081632653	0.008895866038723181	2	22	43.0	126.0	7.0	16.0
3	175	Pou3f4	0.028735632183908046	0.002425088034017673	0.028735632183908046	0.04358514384426283	1	27	6.0	13.0	4.0	2.0
3	175	Otx2	0.040229885057471264	0.005414922596505215	0.05172413793103448	0.03155936482625739	0	48	12.0	5.0	5.0	5.0
3	175	Pax6	0.028735632183908046	0.004916616836090625	0.028735632183908046	0.018470533519367484	2	25	19.0	13.0	1.0	2.0
3	175	Irx3	0.034482758620689655	0.004850176068035346	0.034482758620689655	0.026675968374194402	2	25	14.0	8.0	2.0	1.0
3	175	Dbx1	0.017241379310344827	0.0003654242243040329	0.017241379310344827	0.0027572918742940667	6	10	55.0	36.0	1.0	1.0
3	175	Rfx4	0.005747126436781609	0.0010962726729120988	0.005747126436781609	0.005381702212477576	4	21	41.0	109.0	7.0	16.0
3	139	Pou3f4	0.028985507246376812	0.004072781127684333	0.036231884057971016	0.03956415952607638	1	24	7.0	10.0	1.0	4.0
3	139	Otx2	0.043478260869565216	0.0	0.050724637681159424	0.0	0	26	139.0	5.0	26.0	3.0
3	139	Pax6	0.028985507246376812	0.002168623717338411	0.028985507246376812	0.010790225325293556	3	14	21.0	16.0	1.0	2.0
3	139	Irx3	0.036231884057971016	0.0016396911033534326	0.036231884057971016	0.009891039881519095	3	14	24.0	10.0	2.0	1.0
3	139	Dbx1	0.021739130434782608	0.0005818258753834761	0.021739130434782608	0.003438061990902359	8	8	39.0	21.0	1.0	1.0
3	115	Pou3f4	0.02631578947368421	0.0007762769756249029	0.043859649122807015	0.01032448377581121	5	11	3.0	7.0	2.0	4.0
3	115	Otx2	0.043859649122807015	0.0	0.043859649122807015	0.0	0	22	115.0	7.0	22.0	3.0
3	115	Pax6	0.02631578947368421	0.00263934171712467	0.02631578947368421	0.008228535941623972	2	16	5.0	17.0	1.0	2.0
3	115	Irx3	0.043859649122807015	0.002328830926874709	0.043859649122807015	0.008694302126998912	2	16	4.0	7.0	2.0	1.0
3	115	Dbx1	0.02631578947368421	0.0008539046731873933	0.02631578947368421	0.0029498525073746312	8	7	22.0	17.0	1.0	1.0
3	57	Otx2	0.07142857142857142	0.0	0.07142857142857142	0.0	2	8	57.0	5.0	8.0	1.0
3	57	Pax6	0.03571428571428571	0.008116883116883116	0.03571428571428571	0.015584415584415584	1	10	3.0	13.0	1.0	2.0
3	57	Irx3	0.05357142857142857	0.00551948051948052	0.05357142857142857	0.014285714285714285	1	10	4.0	9.0	3.0	1.0
3	57	Dbx1	0.05357142857142857	0.0035714285714285713	0.05357142857142857	0.007467532467532467	4	7	13.0	9.0	1.0	1.0
4	404	Dbx1	0.02977667493796526	0.0006913324197869214	0.04466501240694789	0.016752465958050935	3	58	20.0	126.0	9.0	23.0
4	404	Pou3f4	0.09429280397022333	0.0030492697801316	0.10173697270471464	0.015808056491734872	2	111	23.0	47.0	2.0	7.0
4	404	Pax6	0.141439205955335	0.00259866918509191	0.22084367245657568	0.01971531918570917	1	117	14.0	6.0	7.0	3.0
4	404	Irx3	0.10669975186104218	0.001308593508882387	0.17866004962779156	0.018221547350098143	1	117	17.0	10.0	23.0	7.0
4	404	Otx2	0.15384615384615385	0.0024258360801451798	0.2506203473945409	0.020943668753009147	0	118	12.0	2.0	9.0	4.0
4	404	Rfx4	0.04962779156327543	0.0009382368554251077	0.11166253101736973	0.012746441489821363	3	58	34.0	31.0	2.0	12.0
4	376	Dbx1	0.029333333333333333	0.0007771836007130124	0.04	0.010388591800356506	3	59	52.0	116.0	12.0	23.0
4	376	Pou3f4	0.08266666666666667	0.002588235294117647	0.09066666666666666	0.011700534759358288	0	106	39.0	40.0	5.0	6.0
4	376	Pax6	0.13599999999999998	0.0027450980392156863	0.19466666666666665	0.0213048128342246	1	106	9.0	7.0	5.0	3.0
4	376	Irx3	0.09333333333333332	0.0009982174688057041	0.15733333333333333	0.018010695187165776	1	106	17.0	11.0	23.0	6.0
4	376	Otx2	0.144	0.0027023172905525847	0.2373333333333333	0.017133689839572194	2	105	21.0	2.0	5.0	4.0
4	376	Rfx4	0.04533333333333333	0.0006916221033868092	0.10666666666666666	0.019515151515151513	3	59	12.0	26.0	14.0	12.0
4	354	Dbx1	0.028328611898016998	0.000957700231779552	0.039660056657223795	0.014582796806592841	3	50	38.0	106.0	6.0	17.0
4	354	Pou3f4	0.07932011331444759	0.002792621684264744	0.08498583569405099	0.011830414627865054	2	99	50.0	36.0	9.0	6.0
4	354	Pax6	0.1359773371104816	0.003871040432655164	0.1813031161473088	0.022807751738346642	1	101	17.0	5.0	4.0	2.0
4	354	Irx3	0.08498583569405099	0.002784573783157353	0.1359773371104816	0.027097283028586147	1	101	9.0	12.0	9.0	6.0
4	354	Otx2	0.1331444759206799	0.004015902652588206	0.21246458923512748	0.021600566572237963	0	104	20.0	1.0	5.0	4.0
4	354	Rfx4	0.0453257790368272	0.0009416044295647696	0.1019830028328612	0.036513327324233846	3	50	3.0	18.0	7.0	9.0
4	341	Dbx1	0.026470588235294117	0.0007114350164844699	0.032352941176470584	0.0172392850945688	3	47	36.0	106.0	7.0	17.0
4	341	Pou3f4	0.07941176470588235	0.0031580773902481346	0.08529411764705883	0.01913933715078952	2	92	31.0	20.0	11.0	2.0
4	341	Pax6	0.11764705882352941	0.003045288912024987	0.16176470588235295	0.02275724449071664	1	100	19.0	4.0	6.0	2.0
4	341	Irx3	0.07941176470588235	0.006021169529758806	0.11470588235294117	0.030964775290647232	1	100	6.0	11.0	3.0	6.0
4	341	Otx2	0.11470588235294117	0.004043033142460524	0.17352941176470588	0.02346867950720111	0	102	16.0	3.0	7.0	4.0
4	341	Rfx4	0.044117647058823525	0.0015096304008328995	0.08235294117647059	0.04309387471802881	3	47	2.0	25.0	3.0	6.0
4	335	Dbx1	0.02095808383233533	0.0038391685098271926	0.029940119760479042	0.017577457697218177	0	112	40.0	94.0	13.0	25.0
4	335	Pou3f4	0.07185628742514971	0.003281724838611066	0.07784431137724551	0.01490712269155383	2	91	46.0	17.0	7.0	2.0
4	335	Pax6	0.09880239520958084	0.00537663411914909	0.11976047904191617	0.02556148963334592	0	112	18.0	6.0	9.0	2.0
4	335	Irx3	0.07784431137724551	0.0055294815773857696	0.09880239520958084	0.04397511283738829	0	112	3.0	10.0	6.0	4.0
4	335	Otx2	0.09880239520958084	0.004108899318480157	0.14970059880239522	0.03197209185233137	1	96	10.0	1.0	6.0	4.0
4	335	Rfx4	0.035928143712574856	0.001096905288522055	0.0658682634730539	0.02626278973584363	3	36	16.0	26.0	3.0	4.0
4	314	Dbx1	0.012779552715654952	0.0034304087818464815	0.019169329073482427	0.00687105758990743	1	93	82.0	109.0	13.0	26.0
4	314	Pou3f4	0.04153354632587859	0.0037068894896370936	0.06389776357827476	0.024166461866142377	2	74	24.0	18.0	4.0	6.0
4	314	Pax6	0.08306709265175719	0.0043827312197919225	0.11182108626198083	0.029347915130662733	1	93	16.0	5.0	9.0	3.0
4	314	Irx3	0.04792332268370607	0.002928647497337593	0.07348242811501597	0.05446669943475055	1	93	1.0	15.0	15.0	6.0
4	314	Otx2	0.09584664536741214	0.0066048169083312855	0.13099041533546324	0.041451626116162855	0	95	4.0	2.0	3.0	4.0
4	314	Rfx4	0.03194888178913738	0.0004403211272220857	0.06070287539936102	0.04101130498894077	4	20	5.0	22.0	2.0	2.0
4	298	Dbx1	0.016835016835016835	0.0008417508417508417	0.016835016835016835	0.004697879697879698	3	49	104.0	101.0	16.0	18.0
4	298	Pou3f4	0.050505050505050504	0.005994630994630995	0.057239057239057235	0.03588816088816089	1	83	17.0	15.0	2.0	5.0
4	298	Pax6	0.050505050505050504	0.00513013013013013	0.07407407407407407	0.03500091000091	2	72	18.0	8.0	3.0	3.0
4	298	Irx3	0.0404040404040404	0.0032305032305032302	0.050505050505050504	0.04006279006279006	2	72	10.0	22.0	8.0	4.0
4	298	Otx2	0.08417508417508417	0.010044135044135044	0.10437710437710437	0.036456911456911455	0	94	16.0	4.0	1.0	3.0
4	298	Rfx4	0.026936026936026935	0.0007166257166257166	0.04713804713804714	0.03864091364091364	3	49	13.0	24.0	18.0	10.0
4	279	Dbx1	0.007194244604316547	0.0005843700490870842	0.01079136690647482	0.007726670649040335	3	29	77.0	114.0	10.0	15.0
4	279	Pou3f4	0.04316546762589928	0.007233202607589019	0.046762589928057555	0.044308235721891805	1	73	14.0	18.0	3.0	4.0
4	279	Pax6	0.05035971223021583	0.005908630496324962	0.0683453237410072	0.07069578993844636	2	68	6.0	7.0	1.0	3.0
4	279	Irx3	0.02877697841726619	0.004584058385060904	0.03597122302158273	0.07273459210970575	2	68	5.0	30.0	4.0	6.0
4	279	Otx2	0.07913669064748202	0.01037581487156845	0.08992805755395684	0.05202192036984131	0	82	12.0	4.0	3.0	3.0
4	279	Rfx4	0.01079136690647482	0.00041555203490637095	0.03597122302158273	0.03220528270524375	2	68	20.0	30.0	26.0	19.0
4	256	Dbx1	0.00784313725490196	0.0012660182183109464	0.011764705882352941	0.055812876331635015	5	22	13.0	96.0	2.0	13.0
4	256	Pou3f4	0.043137254901960784	0.00863053882970511	0.047058823529411764	0.07227111316967733	0	68	9.0	11.0	3.0	3.0
4	256	Pax6	0.050980392156862744	0.0058823529411764705	0.06666666666666667	0.07640883124903505	2	47	6.0	6.0	1.0	2.0
4	256	Irx3	0.023529411764705882	0.0010035510267098965	0.03529411764705882	0.04559209510575884	2	47	20.0	25.0	12.0	6.0
4	256	Otx2	0.06274509803921569	0.0055426895167515824	0.08627450980392157	0.02635479388605836	1	63	34.0	3.0	3.0	3.0
4	256	Rfx4	0.011764705882352941	1.543924656476764e-05	0.023529411764705882	0.08209047398486954	4	27	3.0	46.0	16.0	8.0
4	233	Dbx1	0.004310344827586207	7.463800567248842e-05	0.008620689655172414	0.039390207493655766	6	11	24.0	103.0	4.0	8.0
4	233	Pou3f4	0.030172413793103446	0.0011755485893416926	0.034482758620689655	0.04097626511419614	4	26	23.0	20.0	6.0	1.0
4	233	Pax6	0.04741379310344827	0.004310344827586207	0.05603448275862069	0.09704806687565308	2	38	6.0	5.0	2.0	1.0
4	233	Irx3	0.008620689655172414	9.329750709061053e-05	0.017241379310344827	0.022466039707419016	2	38	43.0	54.0	17.0	14.0
4	233	Otx2	0.07758620689655173	0.009777578743095984	0.07758620689655173	0.045734437975817284	0	70	20.0	2.0	1.0	2.0
4	233	Rfx4	0.008620689655172414	0.0006717420510523958	0.017241379310344827	0.11221824152858635	3	31	3.0	54.0	11.0	13.0
4	204	Dbx1	0.009852216748768473	0.0005121201775349949	0.009852216748768473	0.08732868360727698	6	13	2.0	87.0	1.0	6.0
4	204	Pou3f4	0.029556650246305417	0.0010730137053114178	0.034482758620689655	0.01555869872701556	4	24	30.0	13.0	6.0	2.0
4	204	Pax6	0.03940886699507389	0.004340828171487099	0.04926108374384237	0.044432522069940986	2	34	13.0	5.0	1.0	1.0
4	204	Irx3	0.009852216748768473	0.0003901868019314247	0.014778325123152709	0.012656684387650588	2	34	34.0	60.0	9.0	11.0
4	204	Otx2	0.03940886699507389	0.008169536165439204	0.04433497536945813	0.02894698336828757	0	52	20.0	7.0	1.0	6.0
4	204	Rfx4	0.009852216748768473	0.00024386675120714044	0.014778325123152709	0.03504365214846608	3	25	18.0	60.0	9.0	9.0
4	176	Dbx1	0.005714285714285714	0.002134646962233169	0.005714285714285714	0.015829228243021347	1	29	7.0	106.0	3.0	19.0
4	176	Pou3f4	0.03428571428571429	0.0017077175697865353	0.04	0.01579638752052545	6	15	8.0	8.0	1.0	2.0
4	176	Pax6	0.04	0.002134646962233169	0.05142857142857143	0.017110016420361248	3	20	6.0	5.0	1.0	1.0
4	176	Irx3	0.005714285714285714	0.0	0.011428571428571429	0.0003284072249589491	3	20	68.0	64.0	20.0	10.0
4	176	Otx2	0.03428571428571429	0.006666666666666666	0.04	0.010016420361247948	0	48	19.0	8.0	4.0	6.0
4	176	Rfx4	0.005714285714285714	0.00013136288998357964	0.005714285714285714	0.0016420361247947454	5	18	51.0	106.0	9.0	13.0
4	133	Dbx1	0.0	0.0	0.0	0.0	4	16	133.0	133.0	16.0	16.0
4	133	Pou3f4	0.030303030303030304	0.0016192458940550544	0.03787878787878788	0.005436039787184825	5	15	13.0	10.0	2.0	2.0
4	133	Pax6	0.05303030303030303	0.0037011334721258385	0.05303030303030303	0.012375665047420773	2	18	5.0	5.0	1.0	1.0
4	133	Irx3	0.007575757575757576	0.0	0.007575757575757576	0.0	2	18	133.0	82.0	18.0	9.0
4	133	Otx2	0.022727272727272728	0.0037011334721258385	0.030303030303030304	0.009021512838306732	3	17	9.0	18.0	2.0	4.0
4	133	Rfx4	0.0	0.0	0.0	0.0	1	19	133.0	133.0	19.0	19.0
4	56	Dbx1	0.0	0.0	0.0	0.0	3	10	56.0	56.0	10.0	10.0
4	56	Pou3f4	0.03636363636363636	0.0006734006734006734	0.07272727272727272	0.00404040404040404	2	10	13.0	4.0	5.0	4.0
4	56	Pax6	0.09090909090909091	0.012121212121212121	0.10909090909090909	0.04242424242424243	1	13	1.0	1.0	1.0	1.0
4	56	Irx3	0.01818181818181818	0.0	0.01818181818181818	0.0	1	13	56.0	37.0	13.0	7.0
4	50	Dbx1	0.0	0.0	0.0	0.0	3	8	50.0	50.0	8.0	8.0
4	50	Pou3f4	0.04081632653061224	0.0008503401360544217	0.061224489795918366	0.002551020408163265	2	10	16.0	7.0	5.0	3.0
4	50	Pax6	0.1020408163265306	0.010629251700680272	0.12244897959183673	0.04124149659863945	1	12	1.0	1.0	1.0	1.0
4	50	Irx3	0.0	0.0	0.0	0.0	1	12	50.0	50.0	12.0	12.0
4	30	Dbx1	0.0	0.0	0.0	0.0	2	7	30.0	30.0	7.0	7.0
4	30	Pou3f4	0.06896551724137931	0.006157635467980296	0.06896551724137931	0.008620689655172414	0	8	10.0	11.0	2.0	3.0
4	30	Pax6	0.06896551724137931	0.0049261083743842365	0.10344827586206896	0.07881773399014778	1	7	2.0	3.0	1.0	2.0
4	30	Irx3	0.0	0.0	0.0	0.0	4	4	30.0	30.0	4.0	4.0
4	23	Dbx1	0.0	0.0	0.0	0.0	2	4	23.0	23.0	4.0	4.0
4	23	Pou3f4	0.045454545454545456	0.006493506493506494	0.045454545454545456	0.010822510822510822	0	6	10.0	16.0	2.0	3.0
4	23	Pax6	0.09090909090909091	0.004329004329004329	0.09090909090909091	0.08441558441558442	1	4	3.0	8.0	1.0	1.0
4	23	Irx3	0.0	0.0	0.0	0.0	3	4	23.0	23.0	4.0	4.0
4	16	Dbx1	0.0	0.0	0.0	0.0	1	4	16.0	16.0	4.0	4.0
4	16	Pou3f4	0.06666666666666667	0.014285714285714287	0.06666666666666667	0.02380952380952381	0	6	4.0	12.0	2.0	3.0
4	14	Dbx1	0.0	0.0	0.0	0.0	4	2	14.0	14.0	2.0	2.0
4	14	Pou3f4	0.0	0.0	0.07692307692307693	0.03205128205128205	1	3	3.0	10.0	3.0	3.0
4	6	Dbx1	0.0	0.0	0.0	0.0	0	2	6.0	6.0	2.0	2.0
5	437	Pou3f4	0.09862385321100918	0.0007803437730675946	0.11697247706422019	0.004824422651059791	2	115	69.0	45.0	30.0	9.0
5	437	Dbx1	0.034403669724770644	0.0001845407571443636	0.05963302752293578	0.005314773805757672	3	42	61.0	114.0	17.0	16.0
5	437	Pax6	0.14449541284403672	0.003748813666561215	0.21330275229357798	0.024317199198565856	0	145	7.0	9.0	3.0	5.0
5	437	Irx3	0.15825688073394495	0.0036855425498260046	0.22935779816513763	0.018079721607086364	0	145	12.0	7.0	4.0	3.0
5	437	Otx2	0.17889908256880735	0.005014236001265423	0.30504587155963303	0.030770853105557314	1	135	2.0	1.0	1.0	3.0
5	437	Rfx4	0.05733944954128441	0.0003796267004112623	0.13761467889908258	0.017995360118106086	3	42	13.0	26.0	4.0	2.0
5	408	Pou3f4	0.09828009828009827	0.0013555875624841143	0.11302211302211301	0.011704046186804809	2	103	35.0	34.0	14.0	8.0
5	408	Dbx1	0.029484029484029485	0.0002783795887244163	0.04914004914004914	0.012932547415306037	3	45	28.0	116.0	13.0	20.0
5	408	Pax6	0.1375921375921376	0.0041454351799179385	0.18673218673218672	0.01882693262003607	0	139	10.0	11.0	5.0	6.0
5	408	Irx3	0.1425061425061425	0.003425279287348253	0.20147420147420148	0.014687549170307792	0	139	23.0	8.0	7.0	5.0
5	408	Otx2	0.14987714987714987	0.002971399523123661	0.2751842751842752	0.024200869028455238	1	121	6.0	1.0	6.0	4.0
5	408	Rfx4	0.05405405405405405	0.000538603986879849	0.12530712530712532	0.011837184250977356	3	45	33.0	24.0	4.0	3.0
5	388	Pou3f4	0.09043927648578812	0.0021354647815667216	0.10077519379844961	0.016628509458970958	2	101	22.0	29.0	7.0	6.0
5	388	Dbx1	0.03359173126614987	0.00037487782999290407	0.046511627906976744	0.019486952912666854	3	46	17.0	107.0	14.0	16.0
5	388	Pax6	0.103359173126615	0.0028785261945883708	0.16279069767441862	0.02225167690886452	0	123	10.0	12.0	6.0	7.0
5	388	Irx3	0.11627906976744186	0.0037822495347498357	0.17054263565891473	0.01835562517572398	0	123	19.0	10.0	5.0	4.0
5	388	Otx2	0.13953488372093023	0.00355464513796843	0.24806201550387597	0.036102073877709494	1	118	1.0	1.0	5.0	5.0
5	388	Rfx4	0.046511627906976744	0.0004217375587420171	0.09819121447028424	0.011520799025317642	3	46	40.0	34.0	11.0	5.0
5	364	Pou3f4	0.09090909090909091	0.0025797908771288984	0.09917355371900827	0.016742005692281934	2	95	26.0	21.0	6.0	2.0
5	364	Dbx1	0.024793388429752067	0.0007381702509778853	0.03581267217630854	0.027502549350866778	3	49	9.0	112.0	7.0	22.0
5	364	Pax6	0.10192837465564739	0.004033301371322466	0.15426997245179064	0.016468045599135502	0	116	28.0	9.0	4.0	6.0
5	364	Irx3	0.10743801652892562	0.002146020729647048	0.15151515151515152	0.018986956455565196	0	116	17.0	10.0	10.0	5.0
5	364	Otx2	0.12672176308539945	0.0036984612574768277	0.21487603305785125	0.04282148455930475	1	104	1.0	2.0	4.0	5.0
5	364	Rfx4	0.046831955922865015	0.0005707501940550659	0.0881542699724518	0.012115124119142201	3	49	38.0	32.0	11.0	5.0
5	344	Pou3f4	0.08163265306122448	0.0034439841099347004	0.09620991253644315	0.030910609857978277	2	85	7.0	18.0	1.0	3.0
5	344	Dbx1	0.026239067055393587	0.0013469046766576304	0.03498542274052478	0.031387993794008834	3	49	6.0	101.0	3.0	16.0
5	344	Pax6	0.09912536443148688	0.0037252996436669904	0.13702623906705538	0.020680954085895008	0	106	23.0	9.0	5.0	5.0
5	344	Irx3	0.08454810495626822	0.0015685472183861013	0.13119533527696792	0.025497417011917548	0	106	12.0	11.0	19.0	6.0
5	344	Otx2	0.11370262390670553	0.0053194210014833	0.1836734693877551	0.04046681329173273	1	98	1.0	3.0	2.0	5.0
5	344	Rfx4	0.04664723032069971	0.0007672241829062452	0.07871720116618075	0.01333265135628186	3	49	43.0	29.0	12.0	4.0
5	334	Pou3f4	0.08108108108108109	0.004694453489634213	0.08108108108108109	0.023716487571909257	2	83	17.0	19.0	1.0	1.0
5	334	Dbx1	0.024024024024024024	0.0013205977061398748	0.03003003003003003	0.03267122544230978	3	43	5.0	97.0	3.0	15.0
5	334	Pax6	0.0960960960960961	0.006159774232063388	0.12612612612612611	0.024096385542168676	0	113	16.0	8.0	2.0	4.0
5	334	Irx3	0.09009009009009009	0.002921596295090271	0.11411411411411411	0.0168150077788632	0	113	36.0	11.0	9.0	6.0
5	334	Otx2	0.0990990990990991	0.003708527804913347	0.15615615615615616	0.03058178660588299	1	95	6.0	3.0	7.0	5.0
5	334	Rfx4	0.036036036036036036	0.0006331632837656934	0.06606606606606606	0.028772748652266724	3	43	7.0	30.0	12.0	6.0
5	317	Pou3f4	0.07278481012658228	0.004731766124171187	0.07278481012658228	0.022503516174402247	2	77	23.0	17.0	1.0	1.0
5	317	Dbx1	0.022151898734177215	0.0019590114526823387	0.02531645569620253	0.019640345589712678	3	49	29.0	97.0	2.0	14.0
5	317	Pax6	0.07911392405063292	0.006630500301386377	0.10443037974683544	0.03134418324291742	0	106	13.0	9.0	4.0	4.0
5	317	Irx3	0.07278481012658228	0.003365481213582479	0.0981012658227848	0.02086598352421137	0	106	27.0	10.0	9.0	6.0
5	317	Otx2	0.08544303797468354	0.0027024311834438416	0.13291139240506328	0.03105284307815953	1	85	14.0	3.0	7.0	6.0
5	317	Rfx4	0.02531645569620253	0.0009242515571629495	0.05063291139240506	0.029415310427968654	3	49	18.0	35.0	15.0	8.0
5	300	Pou3f4	0.06688963210702341	0.006161477856838231	0.06688963210702341	0.030425804134587328	2	77	15.0	18.0	1.0	2.0
5	300	Dbx1	0.016722408026755852	0.0019079257480191243	0.020066889632107024	0.024780588538977803	3	35	23.0	100.0	2.0	10.0
5	300	Pax6	0.07357859531772575	0.004579021795245898	0.08361204013377926	0.021346322192543378	0	110	33.0	10.0	9.0	3.0
5	300	Irx3	0.08361204013377926	0.006599178469619088	0.09364548494983277	0.021649345693699355	0	110	30.0	7.0	4.0	2.0
5	300	Otx2	0.08695652173913043	0.002727211510403807	0.12040133779264214	0.0517609032344953	1	78	6.0	3.0	6.0	4.0
5	300	Rfx4	0.026755852842809364	0.0019977104891023773	0.046822742474916385	0.0576979192386254	0	110	4.0	33.0	22.0	16.0
5	281	Pou3f4	0.06785714285714285	0.007014848950332822	0.06785714285714285	0.034728622631848435	2	75	20.0	12.0	2.0	1.0
5	281	Dbx1	0.017857142857142856	0.0018561187916026627	0.02142857142857143	0.040348182283666156	3	36	13.0	78.0	3.0	6.0
5	281	Pax6	0.06785714285714285	0.004224270353302612	0.07857142857142857	0.02768817204301075	0	90	24.0	7.0	12.0	2.0
5	281	Irx3	0.06428571428571428	0.00866615463389657	0.075	0.025512032770097285	0	90	27.0	9.0	2.0	3.0
5	281	Otx2	0.08571428571428572	0.0032258064516129032	0.10357142857142856	0.017895545314900153	1	80	44.0	3.0	9.0	4.0
5	281	Rfx4	0.02142857142857143	0.0012032770097286226	0.039285714285714285	0.0220942140296979	0	90	35.0	33.0	27.0	15.0
5	267	Pou3f4	0.05263157894736842	0.0049794297063413245	0.05263157894736842	0.0420059582919563	1	65	20.0	13.0	6.0	1.0
5	267	Dbx1	0.018796992481203006	0.002723790608596964	0.018796992481203006	0.04383600510710739	3	41	16.0	69.0	2.0	7.0
5	267	Pax6	0.05639097744360902	0.0033763654419066533	0.07518796992481203	0.029408426727195347	2	63	30.0	6.0	5.0	2.0
5	267	Irx3	0.04887218045112782	0.004199177188253652	0.06390977443609022	0.04711306568307561	2	63	14.0	8.0	3.0	3.0
5	267	Otx2	0.07894736842105263	0.00506454816285998	0.09022556390977443	0.03914030358916158	0	73	21.0	3.0	6.0	4.0
5	267	Rfx4	0.018796992481203006	0.0010923535253227407	0.03007518796992481	0.031664065824939705	3	41	26.0	38.0	11.0	7.0
5	250	Pou3f4	0.040160642570281124	0.003999870449540096	0.040160642570281124	0.013278922140173597	1	60	55.0	15.0	7.0	2.0
5	250	Dbx1	0.012048192771084336	0.0011173727166731442	0.012048192771084336	0.021553957766550072	3	26	36.0	91.0	4.0	11.0
5	250	Pax6	0.05220883534136546	0.003287342920067366	0.06024096385542168	0.03821738567171913	2	58	20.0	8.0	7.0	3.0
5	250	Irx3	0.056224899598393566	0.0073034071770954785	0.06024096385542168	0.047561212592304704	2	58	14.0	8.0	2.0	2.0
5	250	Otx2	0.0642570281124498	0.004291358984324394	0.07630522088353413	0.027027464697499677	0	68	27.0	5.0	6.0	4.0
5	250	Rfx4	0.012048192771084336	0.0005991708770566135	0.01606425702811245	0.017521699702033943	3	26	46.0	72.0	9.0	11.0
5	223	Pou3f4	0.02702702702702703	0.004056092291386409	0.04504504504504504	0.03882842118136236	2	44	23.0	12.0	3.0	3.0
5	223	Dbx1	0.013513513513513514	0.002364355305531776	0.013513513513513514	0.04031633443398149	3	28	21.0	76.0	3.0	9.0
5	223	Pax6	0.04504504504504504	0.004484122131180954	0.04954954954954955	0.06267579796991561	1	54	12.0	8.0	3.0	2.0
5	223	Irx3	0.04054054054054054	0.0026089437854143736	0.04504504504504504	0.06491785903550609	1	54	11.0	12.0	5.0	3.0
5	223	Otx2	0.06306306306306306	0.00393379805144511	0.06756756756756757	0.026109820227467287	0	65	34.0	4.0	8.0	4.0
5	223	Rfx4	0.0045045045045045045	0.0003261179731767967	0.013513513513513514	0.022053727936080878	4	21	40.0	76.0	11.0	16.0
5	204	Pou3f4	0.03940886699507389	0.004535921572452812	0.03940886699507389	0.06901429059162074	2	31	9.0	12.0	1.0	1.0
5	204	Dbx1	0.014778325123152709	0.001707067258449983	0.014778325123152709	0.09803443398527045	4	25	5.0	62.0	1.0	5.0
5	204	Pax6	0.04433497536945813	0.003389747841779252	0.054187192118226604	0.04053065405062674	0	39	25.0	5.0	2.0	2.0
5	204	Irx3	0.034482758620689655	0.0018290006340535533	0.03940886699507389	0.03662878603131249	0	39	28.0	12.0	5.0	3.0
5	204	Otx2	0.034482758620689655	0.00014632005072428425	0.04926108374384237	0.04216456128371458	6	12	21.0	8.0	1.0	1.0
5	204	Rfx4	0.009852216748768473	7.316002536214213e-05	0.009852216748768473	7.316002536214213e-05	3	31	99.0	80.0	15.0	13.0
5	182	Pou3f4	0.04419889502762431	0.00669122160834868	0.04419889502762431	0.06347452424800491	2	28	17.0	8.0	1.0	1.0
5	182	Dbx1	0.011049723756906077	0.0025782688766114183	0.016574585635359115	0.21528545119705342	3	27	1.0	48.0	1.0	9.0
5	182	Pax6	0.055248618784530384	0.005862492326580725	0.06077348066298342	0.12670349907918968	0	32	6.0	4.0	1.0	1.0
5	182	Irx3	0.022099447513812154	0.0009821976672805403	0.027624309392265192	0.08287292817679559	0	32	13.0	19.0	8.0	6.0
5	182	Otx2	0.03867403314917127	0.00018416206261510129	0.055248618784530384	0.018047882136279926	4	22	35.0	6.0	6.0	2.0
5	182	Rfx4	0.011049723756906077	9.208103130755064e-05	0.011049723756906077	9.208103130755064e-05	6	14	87.0	69.0	6.0	4.0
5	149	Pou3f4	0.02702702702702703	0.004090825519396948	0.02702702702702703	0.028819635962493106	2	21	23.0	21.0	2.0	2.0
5	149	Dbx1	0.02027027027027027	0.0022522522522522522	0.02027027027027027	0.1218054789483361	4	18	3.0	35.0	1.0	5.0
5	149	Pax6	0.0472972972972973	0.006664828093399522	0.05405405405405406	0.07653061224489796	1	23	11.0	6.0	1.0	1.0
5	149	Irx3	0.02027027027027027	0.0	0.02027027027027027	0.0	1	23	149.0	35.0	23.0	6.0
5	149	Otx2	0.033783783783783786	0.00032175032175032174	0.060810810810810814	0.026245633388490532	6	11	26.0	4.0	1.0	1.0
5	149	Rfx4	0.013513513513513514	0.0	0.013513513513513514	0.0001378929950358522	5	14	66.0	57.0	14.0	4.0
5	88	Pou3f4	0.04597701149425287	0.004276931301790965	0.04597701149425287	0.01657310879443999	4	11	8.0	6.0	1.0	2.0
5	88	Dbx1	0.034482758620689655	0.005880780539962577	0.034482758620689655	0.0272654370489174	2	17	5.0	16.0	1.0	3.0
5	88	Pax6	0.05747126436781609	0.004945201817695803	0.06896551724137931	0.03515102913659449	0	21	3.0	3.0	1.0	2.0
5	88	Irx3	0.022988505747126436	0.0008019246190858059	0.022988505747126436	0.007350975674953221	0	21	14.0	31.0	6.0	7.0
5	88	Rfx4	0.022988505747126436	0.0	0.022988505747126436	0.0	3	13	88.0	31.0	13.0	4.0
5	79	Pou3f4	0.05128205128205128	0.0021645021645021645	0.05128205128205128	0.012487512487512488	1	10	10.0	5.0	1.0	2.0
5	79	Dbx1	0.038461538461538464	0.0031635031635031635	0.038461538461538464	0.031135531135531136	5	9	2.0	13.0	1.0	1.0
5	79	Pax6	0.05128205128205128	0.002664002664002664	0.0641025641025641	0.0328005328005328	4	9	1.0	1.0	1.0	1.0
5	79	Irx3	0.01282051282051282	0.0004995004995004995	0.01282051282051282	0.008325008325008324	6	7	13.0	52.0	3.0	4.0
5	79	Rfx4	0.02564102564102564	0.0	0.02564102564102564	0.0	2	10	79.0	24.0	10.0	3.0
5	54	Pou3f4	0.07547169811320754	0.002902757619738752	0.07547169811320754	0.00362844702467344	2	7	11.0	3.0	1.0	1.0
5	54	Dbx1	0.03773584905660377	0.0043541364296081275	0.03773584905660377	0.011973875181422351	1	8	3.0	16.0	1.0	1.0
5	54	Pax6	0.05660377358490566	0.006531204644412192	0.07547169811320754	0.018142235123367198	0	9	1.0	3.0	1.0	1.0
5	54	Irx3	0.018867924528301886	0.0	0.018867924528301886	0.0	1	8	54.0	36.0	8.0	6.0
5	54	Rfx4	0.03773584905660377	0.0	0.03773584905660377	0.0	3	7	54.0	16.0	7.0	1.0
5	26	Pou3f4	0.08	0.008333333333333333	0.08	0.008333333333333333	0	8	6.0	8.0	2.0	2.0
5	26	Pax6	0.12	0.005	0.16	0.03833333333333334	1	7	1.0	2.0	2.0	2.0
5	26	Irx3	0.04	0.0	0.04	0.0	1	7	26.0	17.0	7.0	4.0
5	26	Pou3f4	0.08	0.008333333333333333	0.08	0.008333333333333333	0	8	6.0	8.0	2.0	2.0
5	26	Pax6	0.12	0.005	0.16	0.03833333333333334	1	7	1.0	2.0	2.0	2.0
5	26	Irx3	0.04	0.0	0.04	0.0	1	7	26.0	17.0	7.0	4.0
