run	nodes	geneid	local_outdegree_centrality	local_betweenness_centrality	outdegree_centrality	betweenness_centrality	community	community_size	rank_betweenness	rank_outdegree	rank_local_betweenness	rank_local_outdegree
1	430	Pax6	0.11188811188811189	0.002804827571182711	0.14219114219114218	0.030030716946604797	0	138	9.0	1.0	11.0	1.0
1	430	Pou3f3	0.04895104895104895	0.002080474043090865	0.06526806526806526	0.011872862340152059	0	138	50.0	38.0	16.0	16.0
1	430	Nr2f1	0.07692307692307693	0.00506502842951441	0.09090909090909091	0.028522100952007492	0	138	11.0	18.0	1.0	8.0
1	430	Pou3f2	0.07459207459207459	0.002793935036925691	0.08857808857808858	0.020989913513278	0	138	24.0	20.0	12.0	9.0
1	430	Hoxb2	0.0979020979020979	0.004215410757466832	0.1048951048951049	0.01970459447094961	0	138	30.0	7.0	4.0	3.0
1	430	Ebf2	0.05827505827505827	0.002151275515761497	0.09090909090909091	0.020723046423981	1	74	25.0	18.0	1.0	13.0
1	372	Pax6	0.11320754716981132	0.004443796896627085	0.12398921832884098	0.05001092736941794	0	120	7.0	2.0	4.0	1.0
1	372	Pou3f3	0.04043126684636119	0.0027682669192103156	0.05929919137466308	0.03236686821592482	0	120	14.0	40.0	14.0	18.0
1	372	Nr2f1	0.07008086253369272	0.004290813724775989	0.08086253369272238	0.023136883514242004	0	120	24.0	19.0	5.0	9.0
1	372	Pou3f2	0.07547169811320756	0.0038464340351132805	0.08355795148247978	0.021235521235521235	0	120	27.0	17.0	10.0	8.0
1	372	Hoxb2	0.08894878706199462	0.004502076200189407	0.09703504043126684	0.02012092955489182	0	120	30.0	10.0	3.0	4.0
1	372	Ebf2	0.04582210242587601	0.0016463903256356087	0.07816711590296496	0.027536970933197347	1	66	19.0	21.0	2.0	21.0
1	325	Pax6	0.10185185185185185	0.0025513129228299505	0.12037037037037036	0.020964721171119517	0	86	35.0	2.0	8.0	2.0
1	325	Pou3f3	0.043209876543209874	0.002006650613461759	0.05864197530864197	0.04282765737874097	0	86	11.0	35.0	12.0	12.0
1	325	Nr2f1	0.08024691358024691	0.006851278523105148	0.08641975308641975	0.0430092114818637	0	86	10.0	12.0	1.0	5.0
1	325	Pou3f2	0.07407407407407407	0.004003745747811795	0.08024691358024691	0.034963498069793215	0	86	17.0	17.0	2.0	7.0
1	325	Hoxb2	0.07407407407407407	0.0037075258953483924	0.08333333333333333	0.02003783969728242	0	86	38.0	15.0	5.0	7.0
1	325	Ebf2	0.030864197530864196	0.000592439704926805	0.05555555555555555	0.02182471429117456	3	39	30.0	39.0	6.0	3.0
1	286	Pax6	0.10877192982456141	0.007857672349888807	0.10877192982456141	0.030602915740054363	0	99	28.0	4.0	1.0	1.0
1	286	Pou3f3	0.028070175438596492	0.001840869780084013	0.052631578947368425	0.06109463800345936	3	44	6.0	36.0	6.0	7.0
1	286	Nr2f1	0.06666666666666667	0.00584383493946133	0.08421052631578947	0.03215962441314554	0	99	27.0	14.0	4.0	10.0
1	286	Pou3f2	0.0736842105263158	0.006325673338275266	0.08771929824561403	0.06440573264146282	0	99	5.0	13.0	3.0	7.0
1	286	Hoxb2	0.07017543859649122	0.0041882876204596	0.0736842105263158	0.01687669878922659	0	99	51.0	18.0	9.0	9.0
1	286	Ebf2	0.028070175438596492	0.0010625154435384236	0.052631578947368425	0.01598715097603163	2	60	52.0	36.0	19.0	26.0
1	244	Pax6	0.09465020576131689	0.005373601333197292	0.10699588477366256	0.02737815869129	0	67	23.0	4.0	4.0	2.0
1	244	Pou3f3	0.03292181069958848	0.00030609121518212427	0.04938271604938272	0.06404108424310444	0	67	4.0	37.0	21.0	13.0
1	244	Nr2f1	0.06584362139917696	0.004370302350100329	0.07407407407407408	0.0267149610583954	0	67	25.0	18.0	8.0	7.0
1	244	Pou3f2	0.06995884773662552	0.008434513485018535	0.07407407407407408	0.034112165425296735	0	67	14.0	18.0	1.0	6.0
1	244	Hoxb2	0.05761316872427984	0.005492636805768118	0.06584362139917696	0.020355065809611262	0	67	32.0	27.0	2.0	9.0
1	244	Ebf2	0.02880658436213992	0.001343400333299323	0.04938271604938272	0.012685780362548039	2	41	49.0	37.0	4.0	16.0
1	218	Pax6	0.0967741935483871	0.01062467997951869	0.10599078341013825	0.04456818569721796	0	62	9.0	5.0	1.0	1.0
1	218	Pou3f3	0.041474654377880185	0.002944188428059396	0.05529953917050691	0.04755504352278546	2	43	8.0	27.0	5.0	3.0
1	218	Nr2f1	0.041474654377880185	0.002154804574159413	0.07373271889400922	0.02248677248677249	2	43	21.0	16.0	7.0	3.0
1	218	Pou3f2	0.05529953917050691	0.00439494794333504	0.07373271889400922	0.031660692951015534	0	62	15.0	16.0	8.0	9.0
1	218	Hoxb2	0.05529953917050691	0.003157535415599932	0.06451612903225806	0.021057347670250897	0	62	25.0	24.0	10.0	9.0
1	218	Ebf2	0.02304147465437788	0.0008533879501621438	0.03686635944700461	0.01062467997951869	1	44	42.0	43.0	17.0	26.0
1	175	Pax6	0.09195402298850575	0.007640688326357052	0.10344827586206896	0.04464819613314729	0	49	10.0	6.0	4.0	2.0
1	175	Pou3f3	0.034482758620689655	0.0022922064979071155	0.05172413793103448	0.055411600558102445	2	33	8.0	33.0	5.0	3.0
1	175	Nr2f1	0.040229885057471264	0.0015281376652714104	0.06896551724137931	0.03843598431997874	2	33	14.0	20.0	8.0	2.0
1	175	Pou3f2	0.08045977011494253	0.007341704870108298	0.08620689655172414	0.028802072951963322	0	49	23.0	12.0	5.0	6.0
1	175	Hoxb2	0.04597701149425287	0.003355258786791575	0.05747126436781609	0.027739020663078862	0	49	25.0	30.0	10.0	9.0
1	175	Ebf2	0.017241379310344827	0.0001661019201381968	0.034482758620689655	0.011627134409673775	1	41	40.0	45.0	27.0	26.0
1	152	Pax6	0.09271523178807947	0.00966887417218543	0.09933774834437085	0.033245033112582784	0	53	17.0	9.0	4.0	4.0
1	152	Pou3f3	0.033112582781456956	0.0026490066225165563	0.046357615894039736	0.045960264900662254	2	28	12.0	35.0	6.0	4.0
1	152	Nr2f1	0.033112582781456956	0.000706401766004415	0.0728476821192053	0.016600441501103753	2	28	30.0	21.0	10.0	4.0
1	152	Pou3f2	0.0728476821192053	0.008830022075055188	0.07947019867549669	0.03986754966887417	0	53	15.0	17.0	5.0	7.0
1	152	Hoxb2	0.052980132450331126	0.0032671081677704194	0.052980132450331126	0.008874172185430464	0	53	45.0	31.0	9.0	9.0
1	152	Ebf2	0.013245033112582781	0.0005298013245033113	0.026490066225165563	0.004061810154525386	1	29	58.0	53.0	15.0	19.0
1	129	Pax6	0.0859375	0.006582185039370078	0.0859375	0.06625246062992125	0	40	10.0	12.0	3.0	4.0
1	129	Pou3f3	0.03125	0.0025221456692913384	0.046875	0.05259596456692913	3	24	12.0	33.0	6.0	4.0
1	129	Nr2f1	0.0546875	0.004552165354330708	0.078125	0.08403051181102363	3	24	7.0	20.0	4.0	1.0
1	129	Pou3f2	0.0703125	0.006459153543307086	0.078125	0.025098425196850394	0	40	29.0	20.0	4.0	8.0
1	129	Hoxb2	0.046875	0.002091535433070866	0.0546875	0.04324557086614173	0	40	21.0	29.0	9.0	9.0
1	129	Ebf2	0.015625	0.0	0.03125	0.016424704724409447	4	10	39.0	45.0	10.0	3.0
1	112	Pax6	0.07207207207207207	0.0041769041769041775	0.07207207207207207	0.17886977886977887	0	31	2.0	18.0	4.0	4.0
1	112	Pou3f3	0.036036036036036036	0.0045045045045045045	0.04504504504504504	0.13292383292383292	2	20	6.0	33.0	3.0	3.0
1	112	Nr2f1	0.036036036036036036	0.002375102375102375	0.05405405405405406	0.02145782145782146	2	20	31.0	27.0	7.0	3.0
1	112	Pou3f2	0.05405405405405406	0.006306306306306306	0.06306306306306306	0.0266994266994267	0	31	26.0	21.0	3.0	7.0
1	112	Hoxb2	0.036036036036036036	0.0036855036855036856	0.036036036036036036	0.036691236691236695	0	31	21.0	41.0	7.0	10.0
1	112	Ebf2	0.02702702702702703	0.0012285012285012285	0.036036036036036036	0.011957411957411958	1	24	38.0	41.0	10.0	13.0
1	103	Pax6	0.058823529411764705	0.0039798097456804505	0.058823529411764705	0.024849543777907202	0	29	18.0	20.0	4.0	6.0
1	103	Pou3f3	0.0392156862745098	0.0042710153368278	0.049019607843137254	0.07581052222869346	2	20	4.0	25.0	2.0	3.0
1	103	Nr2f1	0.0392156862745098	0.0033003300330033004	0.0392156862745098	0.01213356629780625	2	20	30.0	31.0	4.0	3.0
1	103	Pou3f2	0.049019607843137254	0.00611531741409435	0.058823529411764705	0.02494661230828965	0	29	17.0	20.0	3.0	7.0
1	103	Hoxb2	0.029411764705882353	0.0021355076684139	0.029411764705882353	0.00320326150262085	0	29	43.0	39.0	6.0	9.0
1	103	Ebf2	0.0196078431372549	0.0	0.0196078431372549	0.006891865657153951	1	22	39.0	52.0	22.0	12.0
1	89	Pax6	0.045454545454545456	0.0036572622779519337	0.045454545454545456	0.08555381400208988	0	25	6.0	27.0	5.0	9.0
1	89	Pou3f3	0.03409090909090909	0.0009143155694879834	0.05681818181818182	0.07053291536050157	3	12	8.0	23.0	4.0	2.0
1	89	Nr2f1	0.03409090909090909	0.002873563218390805	0.03409090909090909	0.052115987460815055	3	12	12.0	33.0	1.0	2.0
1	89	Pou3f2	0.045454545454545456	0.005094043887147336	0.05681818181818182	0.02716823406478579	0	25	20.0	23.0	3.0	9.0
1	89	Hoxb2	0.022727272727272728	0.0024817136886102404	0.022727272727272728	0.0023510971786833857	0	25	41.0	46.0	7.0	13.0
1	89	Ebf2	0.022727272727272728	0.0	0.022727272727272728	0.008098223615464995	2	14	35.0	46.0	14.0	9.0
1	81	Pax6	0.037500000000000006	0.002056962025316456	0.037500000000000006	0.004430379746835443	0	21	33.0	31.0	6.0	8.0
1	81	Pou3f3	0.037500000000000006	0.0030063291139240506	0.05	0.06772151898734177	3	14	10.0	25.0	3.0	2.0
1	81	Nr2f1	0.037500000000000006	0.00569620253164557	0.037500000000000006	0.05332278481012658	3	14	13.0	31.0	1.0	2.0
1	81	Pou3f2	0.05	0.005221518987341772	0.05	0.019145569620253166	0	21	25.0	25.0	4.0	5.0
1	81	Hoxb2	0.025	0.000949367088607595	0.025	0.000949367088607595	0	21	39.0	42.0	7.0	11.0
1	81	Ebf2	0.025	0.0	0.025	0.0	2	15	81.0	42.0	15.0	9.0
1	72	Pax6	0.04225352112676056	0.002414486921529175	0.04225352112676056	0.06378269617706238	0	20	10.0	27.0	5.0	8.0
1	72	Pou3f3	0.04225352112676056	0.0026156941649899397	0.04225352112676056	0.05271629778672032	3	9	13.0	27.0	2.0	1.0
1	72	Nr2f1	0.014084507042253521	0.002816901408450704	0.014084507042253521	0.03360160965794769	3	9	16.0	54.0	1.0	6.0
1	72	Pou3f2	0.056338028169014086	0.003420523138832998	0.056338028169014086	0.011066398390342052	0	20	24.0	20.0	4.0	4.0
1	72	Hoxb2	0.014084507042253521	0.0	0.014084507042253521	0.0	0	20	72.0	54.0	20.0	12.0
1	72	Ebf2	0.028169014084507043	0.0	0.028169014084507043	0.0	1	14	72.0	38.0	14.0	8.0
1	65	Pax6	0.03125	0.00248015873015873	0.03125	0.026289682539682536	0	19	11.0	31.0	7.0	8.0
1	65	Pou3f3	0.03125	0.001488095238095238	0.03125	0.024553571428571428	4	7	14.0	31.0	3.0	2.0
1	65	Nr2f1	0.015625	0.001984126984126984	0.015625	0.011904761904761904	4	7	23.0	50.0	1.0	6.0
1	65	Pou3f2	0.0625	0.004216269841269841	0.0625	0.005704365079365079	0	19	33.0	16.0	6.0	3.0
1	65	Hoxb2	0.015625	0.0	0.015625	0.0	0	19	65.0	50.0	19.0	11.0
1	65	Ebf2	0.015625	0.0	0.015625	0.0	1	13	65.0	50.0	13.0	11.0
1	51	Pax6	0.04	0.0036734693877551023	0.04	0.0036734693877551023	0	16	26.0	25.0	5.0	8.0
1	51	Pou3f2	0.08	0.0	0.08	0.0	0	16	51.0	14.0	16.0	3.0
1	51	Hoxb2	0.02	0.0	0.02	0.0	0	16	51.0	37.0	16.0	9.0
1	47	Pax6	0.043478260869565216	0.0024154589371980675	0.043478260869565216	0.0024154589371980675	0	15	20.0	25.0	5.0	8.0
1	47	Pou3f2	0.06521739130434782	0.0	0.06521739130434782	0.0	0	15	47.0	18.0	15.0	4.0
1	47	Hoxb2	0.021739130434782608	0.0	0.021739130434782608	0.0	0	15	47.0	31.0	15.0	9.0
1	47	Pax6	0.043478260869565216	0.0024154589371980675	0.043478260869565216	0.0024154589371980675	0	15	20.0	25.0	5.0	8.0
1	47	Pou3f2	0.06521739130434782	0.0	0.06521739130434782	0.0	0	15	47.0	18.0	15.0	4.0
1	47	Hoxb2	0.021739130434782608	0.0	0.021739130434782608	0.0	0	15	47.0	31.0	15.0	9.0
1	47	Pax6	0.043478260869565216	0.0024154589371980675	0.043478260869565216	0.0024154589371980675	0	15	20.0	25.0	5.0	8.0
1	47	Pou3f2	0.06521739130434782	0.0	0.06521739130434782	0.0	0	15	47.0	18.0	15.0	4.0
1	47	Hoxb2	0.021739130434782608	0.0	0.021739130434782608	0.0	0	15	47.0	31.0	15.0	9.0
1	47	Pax6	0.043478260869565216	0.0024154589371980675	0.043478260869565216	0.0024154589371980675	0	15	20.0	25.0	5.0	8.0
1	47	Pou3f2	0.06521739130434782	0.0	0.06521739130434782	0.0	0	15	47.0	18.0	15.0	4.0
1	47	Hoxb2	0.021739130434782608	0.0	0.021739130434782608	0.0	0	15	47.0	31.0	15.0	9.0
2	359	Nr2f1	0.0670391061452514	0.002769823013004084	0.07541899441340782	0.017886484202619596	0	117	45.0	19.0	14.0	9.0
2	359	Pax6	0.09497206703910614	0.0051249550099369354	0.10335195530726257	0.018269877783515638	0	117	44.0	6.0	4.0	3.0
2	359	Pou3f2	0.0670391061452514	0.003802638373785268	0.08379888268156425	0.02337918407586498	0	117	30.0	11.0	11.0	9.0
2	359	Pou3f3	0.05027932960893855	0.00046163716883401403	0.06145251396648045	0.03466973381531383	0	117	16.0	33.0	32.0	15.0
2	359	Ebf2	0.04748603351955307	0.00143968201805862	0.07262569832402235	0.03708746068259706	2	63	14.0	20.0	6.0	19.0
2	359	Hoxb2	0.07541899441340782	0.0023942537909018356	0.07541899441340782	0.007511384442044974	0	117	81.0	19.0	17.0	6.0
2	308	Nr2f1	0.07166123778501629	0.004087628536756722	0.0749185667752443	0.019011730642311212	0	103	35.0	16.0	12.0	7.0
2	308	Pax6	0.09446254071661238	0.006674330970173085	0.10097719869706841	0.030816887015392473	0	103	14.0	4.0	3.0	2.0
2	308	Pou3f2	0.06514657980456026	0.0036831236294735045	0.08143322475570033	0.025611547550616336	0	103	25.0	12.0	13.0	10.0
2	308	Pou3f3	0.055374592833876225	0.0012773839177364756	0.06188925081433225	0.029869493943071253	0	103	16.0	28.0	25.0	12.0
2	308	Ebf2	0.04560260586319218	0.0013412531136232995	0.06840390879478828	0.02635668816929595	1	53	22.0	21.0	7.0	17.0
2	308	Hoxb2	0.08143322475570033	0.0031721700623789143	0.08143322475570033	0.009771986970684038	0	103	60.0	12.0	16.0	4.0
2	261	Nr2f1	0.057692307692307696	0.002583902583902584	0.06153846153846154	0.011003861003861004	0	82	55.0	26.0	13.0	10.0
2	261	Pax6	0.08846153846153847	0.005717255717255718	0.09230769230769231	0.04662904662904663	0	82	7.0	8.0	6.0	3.0
2	261	Pou3f2	0.07307692307692308	0.0069943569943569945	0.08461538461538462	0.04039204039204039	0	82	10.0	9.0	3.0	6.0
2	261	Pou3f3	0.05	0.0012177012177012178	0.05384615384615385	0.05800415800415801	0	82	3.0	32.0	17.0	12.0
2	261	Ebf2	0.05	0.0017226017226017226	0.06153846153846154	0.04558954558954559	1	59	9.0	26.0	11.0	15.0
2	261	Hoxb2	0.07307692307692308	0.005182655182655183	0.07307692307692308	0.05445500445500446	0	82	4.0	15.0	7.0	6.0
2	206	Nr2f1	0.05365853658536585	0.001793400286944046	0.058536585365853655	0.016188426590148255	0	58	38.0	30.0	11.0	8.0
2	206	Pax6	0.0975609756097561	0.006791009086561454	0.1073170731707317	0.09387852702056433	0	58	2.0	5.0	2.0	1.0
2	206	Pou3f2	0.06829268292682927	0.005164992826398852	0.07804878048780488	0.02771401243424199	0	58	22.0	14.0	5.0	5.0
2	206	Pou3f3	0.03902439024390244	0.0012195121951219512	0.04390243902439024	0.07926829268292683	0	58	3.0	43.0	13.0	14.0
2	206	Ebf2	0.03902439024390244	0.0026303204208512673	0.058536585365853655	0.06826877092300335	1	42	5.0	30.0	3.0	11.0
2	206	Hoxb2	0.04878048780487805	0.0011716881874701101	0.06341463414634146	0.023983739837398373	0	58	25.0	23.0	14.0	11.0
2	175	Nr2f1	0.05172413793103448	0.00259118995415587	0.05747126436781609	0.026078001461696896	0	59	27.0	28.0	13.0	10.0
2	175	Pax6	0.10344827586206896	0.00873696099926915	0.10344827586206896	0.09577436715168426	0	59	3.0	6.0	5.0	1.0
2	175	Pou3f2	0.06896551724137931	0.006976280645804265	0.07471264367816091	0.029333599096405552	0	59	24.0	19.0	7.0	7.0
2	175	Pou3f3	0.028735632183908046	0.0025579695701282304	0.034482758620689655	0.07594179788718357	0	59	6.0	49.0	14.0	17.0
2	175	Ebf2	0.034482758620689655	0.0028569530263769845	0.04597701149425287	0.058733638960866384	1	44	9.0	37.0	7.0	15.0
2	175	Hoxb2	0.06896551724137931	0.003554581090957411	0.06896551724137931	0.011228489801342103	0	59	41.0	21.0	10.0	7.0
2	144	Nr2f1	0.055944055944055944	0.0038412291933418697	0.06293706293706294	0.01452772579533143	0	52	28.0	22.0	11.0	8.0
2	144	Pax6	0.1048951048951049	0.014478479267211661	0.1048951048951049	0.08583669851275486	0	52	4.0	7.0	3.0	3.0
2	144	Pou3f2	0.06993006993006994	0.006205062543090712	0.06993006993006994	0.016300600807643062	0	52	25.0	16.0	7.0	6.0
2	144	Pou3f3	0.027972027972027972	0.0025115729341081455	0.03496503496503497	0.03732886831478381	0	52	10.0	44.0	16.0	17.0
2	144	Ebf2	0.03496503496503497	0.0053186250369348965	0.04195804195804196	0.01309957647985817	1	36	32.0	38.0	3.0	13.0
2	144	Hoxb2	0.06993006993006994	0.005712597261893037	0.06993006993006994	0.010784989658229095	0	52	37.0	16.0	8.0	6.0
2	122	Nr2f1	0.05785123966942149	0.0025482093663911844	0.06611570247933884	0.03698347107438016	0	40	15.0	19.0	10.0	8.0
2	122	Pax6	0.09917355371900827	0.010674931129476583	0.10743801652892562	0.0768595041322314	0	40	4.0	6.0	3.0	3.0
2	122	Pou3f2	0.05785123966942149	0.004614325068870523	0.05785123966942149	0.012603305785123966	0	40	31.0	25.0	7.0	8.0
2	122	Pou3f3	0.03305785123966942	0.001446280991735537	0.03305785123966942	0.002754820936639118	0	40	48.0	46.0	13.0	13.0
2	122	Ebf2	0.03305785123966942	0.0024104683195592283	0.04132231404958678	0.007988980716253443	1	32	40.0	36.0	12.0	15.0
2	122	Hoxb2	0.06611570247933884	0.005509641873278236	0.0743801652892562	0.019077134986225895	0	40	26.0	14.0	6.0	6.0
2	97	Nr2f1	0.041666666666666664	0.0002192982456140351	0.07291666666666666	0.013596491228070176	3	8	33.0	19.0	2.0	2.0
2	97	Pax6	0.11458333333333333	0.018092105263157895	0.125	0.12214912280701755	0	35	4.0	6.0	2.0	3.0
2	97	Pou3f2	0.05208333333333333	0.00668859649122807	0.0625	0.025767543859649123	0	35	23.0	23.0	8.0	7.0
2	97	Pou3f3	0.03125	0.00010964912280701755	0.041666666666666664	0.0035087719298245615	3	8	44.0	36.0	3.0	3.0
2	97	Ebf2	0.041666666666666664	0.0023026315789473686	0.041666666666666664	0.019627192982456142	1	28	26.0	36.0	8.0	11.0
2	97	Hoxb2	0.07291666666666666	0.007127192982456141	0.08333333333333333	0.02598684210526316	0	35	22.0	13.0	7.0	6.0
2	85	Nr2f1	0.047619047619047616	0.00028686173264486515	0.05952380952380952	0.020940906483075155	3	8	28.0	25.0	2.0	2.0
2	85	Pax6	0.11904761904761904	0.02180149168100975	0.13095238095238093	0.09064830751577739	0	28	10.0	1.0	1.0	1.0
2	85	Pou3f2	0.05952380952380952	0.004589787722317842	0.07142857142857142	0.017068273092369475	0	28	30.0	19.0	7.0	6.0
2	85	Pou3f3	0.03571428571428571	0.00014343086632243257	0.047619047619047616	0.0025817555938037863	3	8	42.0	31.0	3.0	3.0
2	85	Ebf2	0.011904761904761904	0.0	0.023809523809523808	0.048192771084337345	1	21	17.0	47.0	21.0	15.0
2	85	Hoxb2	0.047619047619047616	0.003298909925415949	0.05952380952380952	0.013769363166953527	0	28	34.0	25.0	9.0	9.0
2	77	Nr2f1	0.039473684210526314	0.006491228070175438	0.039473684210526314	0.012280701754385963	0	34	25.0	32.0	8.0	12.0
2	77	Pax6	0.11842105263157894	0.03561403508771929	0.11842105263157894	0.061578947368421046	0	34	6.0	5.0	1.0	3.0
2	77	Pou3f2	0.07894736842105263	0.008947368421052631	0.07894736842105263	0.021228070175438596	0	34	17.0	15.0	6.0	5.0
2	77	Pou3f3	0.039473684210526314	0.004035087719298246	0.039473684210526314	0.0043859649122807015	0	34	37.0	32.0	11.0	12.0
2	77	Ebf2	0.02631578947368421	0.003157894736842105	0.02631578947368421	0.008947368421052631	1	25	29.0	41.0	14.0	13.0
2	77	Hoxb2	0.05263157894736842	0.007368421052631579	0.05263157894736842	0.014210526315789472	0	34	23.0	26.0	7.0	9.0
2	70	Nr2f1	0.014492753623188406	0.0014919011082693947	0.014492753623188406	0.0014919011082693947	0	32	40.0	52.0	14.0	20.0
2	70	Pax6	0.057971014492753624	0.03154305200341006	0.057971014492753624	0.04390451832907076	0	32	14.0	21.0	4.0	7.0
2	70	Pou3f2	0.057971014492753624	0.03878942881500426	0.057971014492753624	0.05115089514066496	0	32	13.0	21.0	2.0	7.0
2	70	Pou3f3	0.028985507246376812	0.005541346973572037	0.028985507246376812	0.005541346973572037	0	32	33.0	34.0	9.0	13.0
2	70	Ebf2	0.014492753623188406	0.00021312872975277067	0.014492753623188406	0.018329070758738276	3	6	21.0	52.0	4.0	5.0
2	70	Hoxb2	0.028985507246376812	0.02514919011082694	0.028985507246376812	0.03132992327365729	0	32	18.0	34.0	5.0	13.0
2	56	Nr2f1	0.01818181818181818	0.0003367003367003367	0.01818181818181818	0.0003367003367003367	0	22	34.0	45.0	12.0	16.0
2	56	Pax6	0.05454545454545454	0.011784511784511785	0.05454545454545454	0.011784511784511785	0	22	19.0	23.0	1.0	7.0
2	56	Pou3f2	0.05454545454545454	0.00808080808080808	0.05454545454545454	0.00808080808080808	0	22	21.0	23.0	2.0	7.0
2	56	Pou3f3	0.03636363636363636	0.003703703703703704	0.03636363636363636	0.003703703703703704	0	22	27.0	26.0	7.0	9.0
2	56	Ebf2	0.01818181818181818	0.0	0.01818181818181818	0.024915824915824916	3	6	10.0	45.0	6.0	5.0
2	56	Hoxb2	0.01818181818181818	0.004377104377104377	0.01818181818181818	0.004377104377104377	0	22	26.0	45.0	6.0	16.0
2	50	Nr2f1	0.02040816326530612	0.00042517006802721087	0.02040816326530612	0.00042517006802721087	0	19	30.0	39.0	9.0	14.0
2	50	Pax6	0.061224489795918366	0.01403061224489796	0.061224489795918366	0.01403061224489796	0	19	15.0	16.0	1.0	6.0
2	50	Pou3f2	0.061224489795918366	0.011054421768707483	0.061224489795918366	0.011054421768707483	0	19	18.0	16.0	2.0	6.0
2	50	Pou3f3	0.04081632653061224	0.0055272108843537416	0.04081632653061224	0.0055272108843537416	0	19	21.0	24.0	4.0	8.0
2	50	Ebf2	0.0	0.0	0.02040816326530612	0.022108843537414966	1	15	12.0	39.0	15.0	15.0
2	50	Hoxb2	0.02040816326530612	0.00467687074829932	0.02040816326530612	0.00467687074829932	0	19	24.0	39.0	7.0	14.0
2	43	Nr2f1	0.0	0.0	0.0	0.0	0	14	43.0	43.0	14.0	14.0
2	43	Pax6	0.047619047619047616	0.0029036004645760743	0.047619047619047616	0.0029036004645760743	0	14	15.0	22.0	2.0	7.0
2	43	Pou3f2	0.047619047619047616	0.003484320557491289	0.047619047619047616	0.003484320557491289	0	14	14.0	22.0	1.0	7.0
2	43	Pou3f3	0.023809523809523808	0.0	0.023809523809523808	0.0	0	14	43.0	32.0	14.0	10.0
2	43	Ebf2	0.023809523809523808	0.0017421602787456446	0.023809523809523808	0.01916376306620209	3	5	11.0	32.0	3.0	5.0
2	43	Hoxb2	0.0	0.0	0.0	0.0	0	14	43.0	43.0	14.0	14.0
2	40	Pax6	0.0	0.0	0.0	0.0	0	11	40.0	40.0	11.0	11.0
2	40	Pou3f2	0.05128205128205128	0.002699055330634278	0.05128205128205128	0.002699055330634278	0	11	19.0	19.0	1.0	5.0
2	40	Pou3f3	0.0	0.0	0.0	0.0	0	11	40.0	40.0	11.0	11.0
2	40	Ebf2	0.02564102564102564	0.001349527665317139	0.02564102564102564	0.007422402159244264	3	6	15.0	28.0	2.0	5.0
2	40	Hoxb2	0.0	0.0	0.0	0.0	0	11	40.0	40.0	11.0	11.0
2	35	Pax6	0.0	0.0	0.0	0.0	0	12	35.0	35.0	12.0	12.0
2	35	Pou3f2	0.0	0.0	0.0	0.0	0	12	35.0	35.0	12.0	12.0
2	35	Pax6	0.0	0.0	0.0	0.0	0	12	35.0	35.0	12.0	12.0
2	35	Pou3f2	0.0	0.0	0.0	0.0	0	12	35.0	35.0	12.0	12.0
2	35	Pax6	0.0	0.0	0.0	0.0	0	12	35.0	35.0	12.0	12.0
2	35	Pou3f2	0.0	0.0	0.0	0.0	0	12	35.0	35.0	12.0	12.0
2	35	Pax6	0.0	0.0	0.0	0.0	0	12	35.0	35.0	12.0	12.0
2	35	Pou3f2	0.0	0.0	0.0	0.0	0	12	35.0	35.0	12.0	12.0
2	35	Pax6	0.0	0.0	0.0	0.0	0	12	35.0	35.0	12.0	12.0
2	35	Pou3f2	0.0	0.0	0.0	0.0	0	12	35.0	35.0	12.0	12.0
3	428	Pax6	0.11241217798594848	0.006959791536101857	0.12177985948477751	0.0305714065815659	0	164	7.0	3.0	1.0	2.0
3	428	Pou3f2	0.07259953161592506	0.003056590911589757	0.08899297423887588	0.023424701212740925	0	164	18.0	18.0	13.0	10.0
3	428	Hoxb2	0.07728337236533958	0.0030730833085947378	0.08665105386416862	0.014024034919901925	0	164	42.0	20.0	12.0	8.0
3	428	Nr2f1	0.07494145199063232	0.003787753845477235	0.08430913348946135	0.022198766368704027	0	164	21.0	21.0	8.0	9.0
3	428	Pou3f3	0.06088992974238876	0.001841650998889512	0.08196721311475409	0.02623390616925597	0	164	13.0	23.0	23.0	14.0
3	428	Ebf2	0.046838407494145196	0.0024078899627271826	0.08196721311475409	0.018575936493276598	0	164	34.0	23.0	18.0	19.0
3	373	Pax6	0.08602150537634409	0.005079268469408457	0.09677419354838711	0.022106773324058776	0	102	28.0	9.0	2.0	4.0
3	373	Pou3f2	0.06182795698924732	0.003209865808770252	0.08064516129032259	0.03561284525983248	0	102	11.0	21.0	4.0	10.0
3	373	Hoxb2	0.08064516129032259	0.003057705127090398	0.0913978494623656	0.02454134423093644	0	102	22.0	14.0	6.0	6.0
3	373	Nr2f1	0.06720430107526883	0.004956090774715242	0.07526881720430108	0.03487377909167319	0	102	13.0	27.0	3.0	8.0
3	373	Pou3f3	0.05913978494623656	0.0019853346085847608	0.06989247311827958	0.02103440280555314	0	102	30.0	30.0	11.0	11.0
3	373	Ebf2	0.03494623655913979	0.00044199055154624234	0.07526881720430108	0.013730690084920151	4	45	47.0	27.0	7.0	3.0
3	329	Pax6	0.07317073170731708	0.002787722831356754	0.08231707317073171	0.013752144402177967	0	85	49.0	15.0	7.0	5.0
3	329	Pou3f2	0.06097560975609756	0.002713134929514433	0.07317073170731708	0.02577944357425226	0	85	27.0	22.0	8.0	9.0
3	329	Hoxb2	0.0701219512195122	0.0031326918773774896	0.07621951219512195	0.04763369881405236	0	85	9.0	20.0	5.0	6.0
3	329	Nr2f1	0.06402439024390244	0.004549862012381592	0.07317073170731708	0.04901357499813531	0	85	7.0	22.0	2.0	8.0
3	329	Pou3f3	0.054878048780487805	0.0016782277914522267	0.06402439024390244	0.020110763034235847	0	85	36.0	30.0	12.0	10.0
3	329	Ebf2	0.03048780487804878	0.0002330871932572537	0.06402439024390244	0.018702916386962035	4	40	42.0	30.0	8.0	4.0
3	287	Pax6	0.07342657342657342	0.004097656729235677	0.07692307692307693	0.03549257759784076	0	76	13.0	16.0	6.0	5.0
3	287	Pou3f2	0.05944055944055944	0.004686541528646792	0.07342657342657342	0.040240461293092875	0	76	10.0	20.0	5.0	9.0
3	287	Hoxb2	0.06643356643356643	0.002331002331002331	0.06993006993006994	0.02506440927493559	0	76	25.0	26.0	9.0	7.0
3	287	Nr2f1	0.06643356643356643	0.004723346828609987	0.07342657342657342	0.036596736596736595	0	76	11.0	20.0	4.0	7.0
3	287	Pou3f3	0.04195804195804196	0.001717580664949086	0.05244755244755245	0.03436388173230279	0	76	15.0	40.0	11.0	13.0
3	287	Ebf2	0.027972027972027972	0.0005888847994111152	0.06643356643356643	0.02420561894246105	4	32	26.0	29.0	5.0	3.0
3	234	Pax6	0.0815450643776824	0.003958857481130679	0.0815450643776824	0.025381086280893885	0	67	24.0	17.0	7.0	4.0
3	234	Pou3f2	0.055793991416309016	0.003810862808938878	0.060085836909871244	0.017592866656800356	0	67	35.0	32.0	8.0	10.0
3	234	Hoxb2	0.06866952789699571	0.003292881456267574	0.07725321888412018	0.03514873464555276	0	67	16.0	18.0	9.0	7.0
3	234	Nr2f1	0.06437768240343347	0.005309308864880864	0.06866952789699571	0.059937842237679444	0	67	5.0	29.0	4.0	8.0
3	234	Pou3f3	0.047210300429184546	0.0028858961077401213	0.055793991416309016	0.06421118839721769	0	67	3.0	38.0	10.0	11.0
3	234	Ebf2	0.034334763948497854	0.0007399733609590054	0.06437768240343347	0.0347417492970253	1	47	17.0	31.0	11.0	16.0
3	207	Pax6	0.07281553398058252	0.0036703765095903386	0.07766990291262135	0.0353540137343121	0	63	16.0	15.0	8.0	5.0
3	207	Pou3f2	0.058252427184466014	0.005517404688609993	0.058252427184466014	0.0358276107032915	0	63	14.0	32.0	5.0	10.0
3	207	Hoxb2	0.06796116504854369	0.004499171205304286	0.07281553398058252	0.05074591522614255	0	63	8.0	23.0	7.0	6.0
3	207	Nr2f1	0.058252427184466014	0.003623016812692399	0.06310679611650485	0.03502249585602652	0	63	17.0	28.0	9.0	10.0
3	207	Pou3f3	0.038834951456310676	0.002344304996448023	0.05339805825242718	0.08224011366327255	0	63	1.0	35.0	13.0	13.0
3	207	Ebf2	0.03398058252427184	0.001278711816244376	0.058252427184466014	0.03698792327729102	1	47	13.0	32.0	10.0	16.0
3	187	Pax6	0.06989247311827958	0.007759372275501308	0.06989247311827958	0.056088346410927054	0	58	7.0	19.0	3.0	4.0
3	187	Pou3f2	0.048387096774193554	0.005376344086021505	0.048387096774193554	0.015373437954083115	0	58	36.0	35.0	5.0	10.0
3	187	Hoxb2	0.05913978494623656	0.0032839290903807035	0.06451612903225806	0.04728276663760535	0	58	11.0	24.0	11.0	7.0
3	187	Nr2f1	0.05913978494623656	0.004068584713746004	0.06451612903225806	0.05762859633827376	0	58	6.0	24.0	8.0	7.0
3	187	Pou3f3	0.043010752688172046	0.005143853530950305	0.048387096774193554	0.06082534147050276	0	58	5.0	35.0	6.0	13.0
3	187	Ebf2	0.02688172043010753	0.0012496367335077013	0.05376344086021506	0.037343795408311536	1	48	18.0	29.0	12.0	17.0
3	156	Pax6	0.05161290322580645	0.008462505236698784	0.05806451612903226	0.0307498952660243	0	48	22.0	24.0	3.0	7.0
3	156	Pou3f2	0.04516129032258064	0.007415165479681608	0.04516129032258064	0.026392961876832845	0	48	28.0	42.0	4.0	9.0
3	156	Hoxb2	0.05161290322580645	0.006032677000418936	0.05161290322580645	0.02346041055718475	0	48	31.0	33.0	6.0	7.0
3	156	Nr2f1	0.03870967741935484	0.0020108923334729786	0.07096774193548387	0.06933389191453708	2	29	8.0	20.0	7.0	1.0
3	156	Pou3f3	0.025806451612903226	0.003728529534981148	0.04516129032258064	0.06426476749057394	2	29	9.0	42.0	5.0	8.0
3	156	Ebf2	0.03225806451612903	0.006661080854629242	0.05161290322580645	0.044532886468370336	1	44	14.0	33.0	4.0	15.0
3	139	Pax6	0.050724637681159424	0.00952078705172961	0.050724637681159424	0.05786522796995663	0	47	10.0	28.0	3.0	7.0
3	139	Pou3f2	0.043478260869565216	0.007457949857188194	0.043478260869565216	0.02316724849254205	0	47	32.0	36.0	5.0	9.0
3	139	Hoxb2	0.043478260869565216	0.005818258753834761	0.043478260869565216	0.05469163228604675	0	47	12.0	36.0	8.0	9.0
3	139	Nr2f1	0.028985507246376812	0.0013223315349624458	0.050724637681159424	0.03676081667195599	2	25	24.0	28.0	4.0	4.0
3	139	Pou3f3	0.028985507246376812	0.0016925843647519305	0.050724637681159424	0.04971966571458796	2	25	16.0	28.0	2.0	4.0
3	139	Ebf2	0.028985507246376812	0.0061356183222257485	0.043478260869565216	0.04210303607320427	1	35	20.0	36.0	4.0	16.0
3	121	Pax6	0.058333333333333334	0.014355742296918767	0.058333333333333334	0.09586834733893557	0	38	8.0	21.0	2.0	3.0
3	121	Pou3f2	0.03333333333333333	0.0043417366946778705	0.03333333333333333	0.04733893557422969	0	38	14.0	44.0	9.0	10.0
3	121	Hoxb2	0.025	0.007282913165266106	0.025	0.13410364145658263	0	38	2.0	51.0	5.0	13.0
3	121	Nr2f1	0.016666666666666666	0.0014005602240896356	0.03333333333333333	0.016386554621848737	3	15	32.0	44.0	3.0	8.0
3	121	Pou3f3	0.025	0.0008403361344537815	0.05	0.07359943977591035	3	15	11.0	25.0	5.0	3.0
3	121	Ebf2	0.025	0.003991596638655462	0.03333333333333333	0.014985994397759102	1	32	33.0	44.0	6.0	18.0
3	107	Pax6	0.05660377358490566	0.01913746630727763	0.05660377358490566	0.1825696316262354	0	31	2.0	18.0	1.0	3.0
3	107	Pou3f2	0.02830188679245283	0.002336028751123091	0.02830188679245283	0.0077268643306379154	0	31	41.0	41.0	9.0	8.0
3	107	Hoxb2	0.018867924528301886	0.0	0.02830188679245283	0.15516621743036837	0	31	4.0	41.0	31.0	14.0
3	107	Nr2f1	0.018867924528301886	0.0026954177897574125	0.02830188679245283	0.03108715184186882	3	18	20.0	41.0	2.0	8.0
3	107	Pou3f3	0.02830188679245283	0.0013477088948787063	0.03773584905660377	0.08517520215633423	3	18	12.0	36.0	6.0	2.0
3	107	Ebf2	0.018867924528301886	0.0021563342318059297	0.03773584905660377	0.018328840970350403	1	27	31.0	36.0	7.0	18.0
3	98	Pax6	0.041237113402061855	0.021585051546391752	0.041237113402061855	0.13745704467353953	0	31	1.0	26.0	2.0	5.0
3	98	Pou3f2	0.030927835051546393	0.0	0.030927835051546393	0.0	0	31	98.0	37.0	31.0	10.0
3	98	Hoxb2	0.030927835051546393	0.008805841924398625	0.030927835051546393	0.019329896907216496	0	31	15.0	37.0	3.0	10.0
3	98	Nr2f1	0.010309278350515464	0.001718213058419244	0.020618556701030927	0.019115120274914087	3	16	16.0	47.0	3.0	14.0
3	98	Pou3f3	0.020618556701030927	0.0019329896907216496	0.030927835051546393	0.029102233676975946	3	16	9.0	37.0	2.0	4.0
3	98	Ebf2	0.020618556701030927	0.0	0.030927835051546393	0.00665807560137457	1	26	35.0	37.0	26.0	14.0
3	81	Pax6	0.037500000000000006	0.025632911392405065	0.037500000000000006	0.02689873417721519	0	33	6.0	29.0	2.0	7.0
3	81	Pou3f2	0.025	0.0	0.025	0.0	0	33	81.0	40.0	33.0	14.0
3	81	Hoxb2	0.025	0.005063291139240506	0.025	0.005063291139240506	0	33	28.0	40.0	8.0	14.0
3	81	Nr2f1	0.025	0.013132911392405064	0.025	0.013449367088607595	0	33	12.0	40.0	3.0	14.0
3	81	Pou3f3	0.025	0.0023734177215189874	0.037500000000000006	0.004905063291139241	0	33	29.0	29.0	13.0	14.0
3	81	Ebf2	0.037500000000000006	0.002056962025316456	0.037500000000000006	0.008227848101265823	3	9	21.0	29.0	1.0	3.0
3	69	Pax6	0.029411764705882353	0.019095697980684813	0.029411764705882353	0.020412642669007903	0	26	10.0	34.0	2.0	10.0
3	69	Pou3f2	0.014705882352941176	0.0	0.014705882352941176	0.0	0	26	69.0	46.0	26.0	16.0
3	69	Hoxb2	0.029411764705882353	0.008999122036874451	0.029411764705882353	0.009438103599648815	0	26	19.0	34.0	3.0	10.0
3	69	Nr2f1	0.014705882352941176	0.0021949078138718174	0.014705882352941176	0.0021949078138718174	0	26	34.0	46.0	12.0	16.0
3	69	Pou3f3	0.014705882352941176	0.0026338893766461808	0.014705882352941176	0.0026338893766461808	0	26	33.0	46.0	11.0	16.0
3	69	Ebf2	0.029411764705882353	0.0028533801580333624	0.029411764705882353	0.005926251097453907	1	21	24.0	34.0	10.0	10.0
3	61	Pax6	0.03333333333333333	0.013559322033898306	0.03333333333333333	0.01694915254237288	0	20	13.0	29.0	2.0	7.0
3	61	Pou3f2	0.016666666666666666	0.0	0.016666666666666666	0.0	0	20	61.0	42.0	20.0	13.0
3	61	Hoxb2	0.03333333333333333	0.00903954802259887	0.03333333333333333	0.009887005649717515	0	20	18.0	29.0	3.0	7.0
3	61	Nr2f1	0.016666666666666666	0.0022598870056497176	0.016666666666666666	0.0022598870056497176	0	20	32.0	42.0	10.0	13.0
3	61	Ebf2	0.016666666666666666	0.002824858757062147	0.016666666666666666	0.007344632768361582	1	18	24.0	42.0	7.0	12.0
3	52	Pax6	0.0392156862745098	0.014117647058823528	0.0392156862745098	0.014117647058823528	0	17	16.0	24.0	2.0	6.0
3	52	Pou3f2	0.0196078431372549	0.0	0.0196078431372549	0.0	0	17	52.0	38.0	17.0	12.0
3	52	Hoxb2	0.0196078431372549	0.005098039215686274	0.0196078431372549	0.005098039215686274	0	17	25.0	38.0	6.0	12.0
3	52	Nr2f1	0.0196078431372549	0.003137254901960784	0.0196078431372549	0.003137254901960784	0	17	29.0	38.0	9.0	12.0
3	52	Ebf2	0.0	0.0	0.0	0.0	1	14	52.0	52.0	14.0	14.0
3	46	Pax6	0.044444444444444446	0.015151515151515152	0.044444444444444446	0.01717171717171717	0	14	13.0	20.0	2.0	6.0
3	46	Pou3f2	0.022222222222222223	0.0	0.022222222222222223	0.0	0	14	46.0	38.0	14.0	10.0
3	46	Hoxb2	0.022222222222222223	0.00505050505050505	0.022222222222222223	0.006060606060606061	0	14	25.0	38.0	6.0	10.0
3	46	Nr2f1	0.022222222222222223	0.006060606060606061	0.022222222222222223	0.006060606060606061	0	14	25.0	38.0	4.0	10.0
3	46	Ebf2	0.0	0.0	0.0	0.0	1	13	46.0	46.0	13.0	13.0
3	46	Pax6	0.044444444444444446	0.015151515151515152	0.044444444444444446	0.01717171717171717	0	14	13.0	20.0	2.0	6.0
3	46	Pou3f2	0.022222222222222223	0.0	0.022222222222222223	0.0	0	14	46.0	38.0	14.0	10.0
3	46	Hoxb2	0.022222222222222223	0.00505050505050505	0.022222222222222223	0.006060606060606061	0	14	25.0	38.0	6.0	10.0
3	46	Nr2f1	0.022222222222222223	0.006060606060606061	0.022222222222222223	0.006060606060606061	0	14	25.0	38.0	4.0	10.0
3	46	Ebf2	0.0	0.0	0.0	0.0	1	13	46.0	46.0	13.0	13.0
3	46	Pax6	0.044444444444444446	0.015151515151515152	0.044444444444444446	0.01717171717171717	0	14	13.0	20.0	2.0	6.0
3	46	Pou3f2	0.022222222222222223	0.0	0.022222222222222223	0.0	0	14	46.0	38.0	14.0	10.0
3	46	Hoxb2	0.022222222222222223	0.00505050505050505	0.022222222222222223	0.006060606060606061	0	14	25.0	38.0	6.0	10.0
3	46	Nr2f1	0.022222222222222223	0.006060606060606061	0.022222222222222223	0.006060606060606061	0	14	25.0	38.0	4.0	10.0
3	46	Ebf2	0.0	0.0	0.0	0.0	1	13	46.0	46.0	13.0	13.0
3	46	Pax6	0.044444444444444446	0.015151515151515152	0.044444444444444446	0.01717171717171717	0	14	13.0	20.0	2.0	6.0
3	46	Pou3f2	0.022222222222222223	0.0	0.022222222222222223	0.0	0	14	46.0	38.0	14.0	10.0
3	46	Hoxb2	0.022222222222222223	0.00505050505050505	0.022222222222222223	0.006060606060606061	0	14	25.0	38.0	6.0	10.0
3	46	Nr2f1	0.022222222222222223	0.006060606060606061	0.022222222222222223	0.006060606060606061	0	14	25.0	38.0	4.0	10.0
3	46	Ebf2	0.0	0.0	0.0	0.0	1	13	46.0	46.0	13.0	13.0
4	318	Pax6	0.08832807570977917	0.003513955995687418	0.09779179810725552	0.028850377350956354	0	78	14.0	8.0	4.0	5.0
4	318	Ebf2	0.025236593059936908	0.0008685061693886516	0.05993690851735015	0.019246895340015176	1	54	34.0	32.0	15.0	27.0
4	318	Nr2f1	0.056782334384858045	0.001936668929441361	0.0694006309148265	0.02509683344647207	0	78	26.0	23.0	10.0	10.0
4	318	Pou3f3	0.05993690851735015	0.0017270295092441002	0.08201892744479496	0.05167112566385817	0	78	4.0	15.0	12.0	9.0
4	318	Hoxb2	0.08832807570977917	0.004512238949007707	0.10725552050473186	0.025196661741804096	0	78	25.0	3.0	3.0	5.0
4	318	Pou3f2	0.06624605678233439	0.005231002675398315	0.07570977917981073	0.05127181248253005	0	78	5.0	19.0	1.0	8.0
4	268	Pax6	0.07865168539325842	0.0052096533468502714	0.08239700374531836	0.036031088958350936	0	72	12.0	17.0	4.0	5.0
4	268	Ebf2	0.02247191011235955	0.0008307285066599082	0.04868913857677903	0.018022584551265805	1	50	38.0	39.0	13.0	27.0
4	268	Nr2f1	0.056179775280898875	0.00623750387203965	0.06367041198501873	0.047858410070119116	0	72	6.0	28.0	1.0	12.0
4	268	Pou3f3	0.06741573033707865	0.002830108980315958	0.07865168539325842	0.05316662442623413	0	72	5.0	19.0	10.0	8.0
4	268	Hoxb2	0.07865168539325842	0.003970600658950748	0.0898876404494382	0.013094534088029061	0	72	58.0	13.0	8.0	5.0
4	268	Pou3f2	0.0599250936329588	0.004801329165610655	0.06367041198501873	0.023006955591225255	0	72	31.0	28.0	5.0	10.0
4	218	Pax6	0.08755760368663594	0.007445809865164704	0.08755760368663594	0.024833589349718382	0	64	28.0	15.0	2.0	4.0
4	218	Ebf2	0.018433179723502304	0.00029868578255675033	0.05069124423963134	0.02124935995903738	1	40	34.0	39.0	20.0	25.0
4	218	Nr2f1	0.04608294930875576	0.007595152756443079	0.05529953917050691	0.059822495306366276	0	64	11.0	35.0	1.0	12.0
4	218	Pou3f3	0.06451612903225806	0.004586960232121523	0.07373271889400922	0.07268731865506059	0	64	3.0	20.0	7.0	9.0
4	218	Hoxb2	0.07373271889400922	0.0040749274620242365	0.07834101382488479	0.017345110087045573	0	64	42.0	19.0	8.0	7.0
4	218	Pou3f2	0.05069124423963134	0.005824372759856631	0.05529953917050691	0.02220942140296979	0	64	32.0	35.0	5.0	11.0
4	189	Pax6	0.06914893617021277	0.009642735237228355	0.06914893617021277	0.09750824894754807	0	63	4.0	22.0	2.0	6.0
4	189	Ebf2	0.015957446808510637	5.688929343497554e-05	0.03723404255319149	0.023068608487882582	1	33	37.0	44.0	18.0	19.0
4	189	Nr2f1	0.0425531914893617	0.003356468312663557	0.047872340425531915	0.06727158948685857	0	63	8.0	33.0	12.0	12.0
4	189	Pou3f3	0.05319148936170213	0.00600182045738992	0.06382978723404255	0.04536921151439299	0	63	16.0	24.0	7.0	10.0
4	189	Hoxb2	0.06914893617021277	0.0074524974399817956	0.07446808510638298	0.02497439981795426	0	63	35.0	20.0	4.0	6.0
4	189	Pou3f2	0.0425531914893617	0.0069404937990670155	0.0425531914893617	0.020480145636591195	0	63	39.0	35.0	6.0	12.0
4	164	Pax6	0.05521472392638037	0.009088843444671667	0.05521472392638037	0.07074149814436113	0	53	4.0	24.0	2.0	7.0
4	164	Ebf2	0.018404907975460124	0.0026509126713625693	0.024539877300613498	0.012004847383170493	1	37	35.0	52.0	6.0	20.0
4	164	Nr2f1	0.03680981595092025	0.003976369007043854	0.04294478527607362	0.070892978868439	0	53	3.0	34.0	9.0	9.0
4	164	Pou3f3	0.03067484662576687	0.002878133757479361	0.04294478527607362	0.027342270696053928	0	53	22.0	34.0	10.0	15.0
4	164	Hoxb2	0.06134969325153374	0.008520790729379687	0.06134969325153374	0.032416874952662274	0	53	17.0	21.0	4.0	6.0
4	164	Pou3f2	0.03067484662576687	0.001969249413012194	0.03067484662576687	0.007422555479815194	0	53	47.0	45.0	14.0	15.0
4	126	Pax6	0.032	0.0070967741935483875	0.032	0.019935483870967743	0	46	27.0	43.0	9.0	14.0
4	126	Ebf2	0.008	0.0	0.016	0.005032258064516129	1	29	55.0	69.0	29.0	22.0
4	126	Nr2f1	0.056	0.01135483870967742	0.056	0.04406451612903226	0	46	16.0	25.0	6.0	7.0
4	126	Pou3f3	0.04	0.01032258064516129	0.04	0.052838709677419354	0	46	14.0	33.0	7.0	13.0
4	126	Hoxb2	0.056	0.012064516129032258	0.056	0.03283870967741936	0	46	21.0	25.0	5.0	7.0
4	126	Pou3f2	0.04	0.004709677419354839	0.04	0.012129032258064517	0	46	36.0	33.0	12.0	13.0
4	108	Pax6	0.02803738317757009	0.004672897196261682	0.02803738317757009	0.011726326926467995	0	40	32.0	46.0	10.0	15.0
4	108	Ebf2	0.009345794392523364	0.0022923646623170518	0.018691588785046728	0.0112854875683301	1	29	33.0	56.0	13.0	22.0
4	108	Nr2f1	0.04672897196261682	0.011814494798095574	0.05607476635514018	0.058455298889084815	0	40	14.0	23.0	4.0	8.0
4	108	Pou3f3	0.037383177570093455	0.007053429730206313	0.037383177570093455	0.08472932463410333	0	40	6.0	34.0	8.0	9.0
4	108	Hoxb2	0.04672897196261682	0.002821371892082525	0.04672897196261682	0.010139305237171575	0	40	36.0	26.0	14.0	8.0
4	108	Pou3f2	0.02803738317757009	0.0032622112502204196	0.02803738317757009	0.007935108446482101	0	40	41.0	46.0	12.0	15.0
4	96	Pax6	0.031578947368421054	0.012094064949608064	0.031578947368421054	0.030907054871220606	0	36	5.0	39.0	4.0	13.0
4	96	Ebf2	0.010526315789473684	0.0	0.010526315789473684	0.0	2	21	96.0	69.0	21.0	19.0
4	96	Nr2f1	0.042105263157894736	0.0077267637178051515	0.05263157894736842	0.0187010078387458	0	36	13.0	23.0	7.0	8.0
4	96	Pou3f3	0.031578947368421054	0.00851063829787234	0.031578947368421054	0.038409854423292276	0	36	1.0	39.0	6.0	13.0
4	96	Hoxb2	0.05263157894736842	0.007502799552071669	0.05263157894736842	0.012877939529675253	0	36	19.0	23.0	8.0	7.0
4	96	Pou3f2	0.031578947368421054	0.0073908174692049276	0.031578947368421054	0.010974244120940651	0	36	22.0	39.0	9.0	13.0
4	78	Pax6	0.025974025974025976	0.002563226247436774	0.03896103896103896	0.015208475734791525	0	24	17.0	33.0	9.0	10.0
4	78	Ebf2	0.012987012987012988	0.00017088174982911826	0.012987012987012988	0.0	5	3	78.0	54.0	1.0	3.0
4	78	Nr2f1	0.05194805194805195	0.00393028024606972	0.05194805194805195	0.019993164730006837	3	10	9.0	23.0	1.0	1.0
4	78	Pou3f3	0.012987012987012988	0.0015379357484620643	0.025974025974025976	0.014354066985645933	3	10	18.0	39.0	3.0	7.0
4	78	Hoxb2	0.05194805194805195	0.006664388243335612	0.05194805194805195	0.021189336978810664	0	24	8.0	23.0	4.0	6.0
4	78	Pou3f2	0.03896103896103896	0.007689678742310322	0.03896103896103896	0.012474367737525633	0	24	22.0	33.0	3.0	8.0
4	68	Pax6	0.014925373134328358	0.0002261420171867933	0.014925373134328358	0.0011307100859339666	0	19	34.0	46.0	9.0	13.0
4	68	Ebf2	0.014925373134328358	0.0002261420171867933	0.014925373134328358	0.004296698326549073	5	3	26.0	46.0	1.0	3.0
4	68	Nr2f1	0.05970149253731343	0.0027137042062415195	0.05970149253731343	0.004975124378109453	3	9	25.0	19.0	1.0	1.0
4	68	Pou3f3	0.0	0.0	0.014925373134328358	0.0067842605156037995	3	9	22.0	46.0	9.0	9.0
4	68	Hoxb2	0.029850746268656716	0.005427408412483039	0.029850746268656716	0.013568521031207599	0	19	12.0	36.0	5.0	9.0
4	68	Pou3f2	0.04477611940298507	0.007010402532790593	0.04477611940298507	0.012890094979647219	0	19	13.0	27.0	2.0	6.0
4	63	Pax6	0.016129032258064516	0.00026441036488630354	0.016129032258064516	0.00026441036488630354	0	17	31.0	43.0	8.0	12.0
4	63	Ebf2	0.016129032258064516	0.00026441036488630354	0.016129032258064516	0.00026441036488630354	1	16	31.0	43.0	9.0	15.0
4	63	Nr2f1	0.03225806451612903	0.0010576414595452142	0.03225806451612903	0.0010576414595452142	3	8	25.0	32.0	1.0	2.0
4	63	Pou3f3	0.0	0.0	0.0	0.0	3	8	63.0	63.0	8.0	8.0
4	63	Hoxb2	0.03225806451612903	0.003966155473294554	0.03225806451612903	0.004759386567953464	0	17	19.0	32.0	4.0	8.0
4	63	Pou3f2	0.04838709677419355	0.004230565838180857	0.04838709677419355	0.004759386567953464	0	17	19.0	24.0	3.0	5.0
4	57	Pax6	0.017857142857142856	0.0016233766233766235	0.017857142857142856	0.0016233766233766235	1	15	22.0	39.0	5.0	12.0
4	57	Ebf2	0.017857142857142856	0.0003246753246753247	0.017857142857142856	0.0003246753246753247	0	16	26.0	39.0	6.0	13.0
4	57	Nr2f1	0.03571428571428571	0.0006493506493506494	0.03571428571428571	0.0012987012987012987	3	6	23.0	26.0	1.0	2.0
4	57	Pou3f3	0.0	0.0	0.0	0.0	3	6	57.0	57.0	6.0	6.0
4	57	Hoxb2	0.017857142857142856	0.0	0.017857142857142856	0.0	1	15	57.0	39.0	15.0	12.0
4	57	Pou3f2	0.03571428571428571	0.0	0.03571428571428571	0.0	1	15	57.0	26.0	15.0	6.0
4	48	Pax6	0.02127659574468085	0.001387604070305273	0.02127659574468085	0.0018501387604070306	2	10	19.0	33.0	5.0	8.0
4	48	Ebf2	0.0	0.0	0.0	0.0	0	15	48.0	48.0	15.0	15.0
4	48	Nr2f1	0.02127659574468085	0.0009250693802035153	0.02127659574468085	0.0009250693802035153	3	6	22.0	33.0	1.0	4.0
4	48	Pou3f3	0.0	0.0	0.0	0.0	3	6	48.0	48.0	6.0	6.0
4	48	Hoxb2	0.02127659574468085	0.0	0.02127659574468085	0.0	2	10	48.0	33.0	10.0	8.0
4	30	Pax6	0.034482758620689655	0.0024630541871921183	0.034482758620689655	0.0024630541871921183	2	6	12.0	20.0	2.0	4.0
4	30	Nr2f1	0.034482758620689655	0.0024630541871921183	0.034482758620689655	0.0024630541871921183	0	9	12.0	20.0	2.0	6.0
4	30	Pou3f3	0.0	0.0	0.0	0.0	0	9	30.0	30.0	9.0	9.0
4	20	Pax6	0.05263157894736842	0.005847953216374269	0.05263157894736842	0.005847953216374269	0	6	7.0	14.0	2.0	4.0
4	20	Pax6	0.05263157894736842	0.005847953216374269	0.05263157894736842	0.005847953216374269	0	6	7.0	14.0	2.0	4.0
4	20	Pax6	0.05263157894736842	0.005847953216374269	0.05263157894736842	0.005847953216374269	0	6	7.0	14.0	2.0	4.0
4	20	Pax6	0.05263157894736842	0.005847953216374269	0.05263157894736842	0.005847953216374269	0	6	7.0	14.0	2.0	4.0
4	20	Pax6	0.05263157894736842	0.005847953216374269	0.05263157894736842	0.005847953216374269	0	6	7.0	14.0	2.0	4.0
4	20	Pax6	0.05263157894736842	0.005847953216374269	0.05263157894736842	0.005847953216374269	0	6	7.0	14.0	2.0	4.0
5	419	Ebf2	0.04066985645933014	0.0006769703854141567	0.06698564593301436	0.020854130093054743	1	92	23.0	37.0	23.0	30.0
5	419	Nr2f1	0.07177033492822966	0.0034766445217032115	0.09330143540669857	0.024439778320883964	0	151	17.0	14.0	12.0	12.0
5	419	Pou3f2	0.07177033492822966	0.0034594334102096315	0.08373205741626794	0.020005048592704786	0	151	25.0	21.0	14.0	12.0
5	419	Hoxb2	0.07894736842105263	0.00335616674124815	0.09090909090909091	0.02094592268768717	0	151	22.0	17.0	16.0	7.0
5	419	Pax6	0.10287081339712918	0.0036430185994744874	0.11722488038277512	0.019809989329110874	0	151	27.0	3.0	11.0	2.0
5	419	Pou3f3	0.03110047846889952	0.000694181496907737	0.09090909090909091	0.022104804194921574	2	64	19.0	17.0	13.0	7.0
5	363	Ebf2	0.03867403314917127	0.0005433035919254373	0.06629834254143646	0.0072312942868949055	1	61	81.0	32.0	14.0	21.0
5	363	Nr2f1	0.07458563535911603	0.003925559755742949	0.09116022099447513	0.050917494375660004	0	118	4.0	13.0	8.0	7.0
5	363	Pou3f2	0.06353591160220995	0.0038872989394101716	0.0718232044198895	0.02542813853476378	0	118	28.0	27.0	9.0	12.0
5	363	Hoxb2	0.07734806629834254	0.0033975604903506225	0.0856353591160221	0.016260846941430342	0	118	47.0	17.0	11.0	6.0
5	363	Pax6	0.0856353591160221	0.0028848655514914067	0.09944751381215469	0.013460155185871047	0	118	55.0	12.0	15.0	4.0
5	363	Pou3f3	0.06353591160220995	0.002127301388102417	0.0856353591160221	0.028305351922988633	0	118	21.0	17.0	18.0	12.0
5	326	Ebf2	0.033846153846153845	0.00050332383665717	0.06153846153846154	0.012098765432098766	1	45	47.0	32.0	14.0	18.0
5	326	Nr2f1	0.07384615384615384	0.003884140550807218	0.08615384615384615	0.03619183285849953	0	116	14.0	13.0	13.0	8.0
5	326	Pou3f2	0.06461538461538462	0.004121557454890789	0.07076923076923076	0.037056030389363726	0	116	12.0	20.0	12.0	10.0
5	326	Hoxb2	0.07692307692307693	0.0043114909781576454	0.07692307692307693	0.0102659069325736	0	116	52.0	17.0	10.0	7.0
5	326	Pax6	0.08615384615384615	0.006011396011396012	0.08615384615384615	0.02979107312440646	0	116	18.0	13.0	7.0	5.0
5	326	Pou3f3	0.052307692307692305	0.0021557454890788227	0.06769230769230769	0.03440645773979108	0	116	15.0	26.0	18.0	13.0
5	271	Ebf2	0.037037037037037035	0.000660883932259397	0.06296296296296297	0.029354261324521548	2	39	19.0	29.0	10.0	17.0
5	271	Nr2f1	0.08518518518518518	0.005645050254715682	0.0962962962962963	0.04777640093625224	0	78	8.0	11.0	5.0	4.0
5	271	Pou3f2	0.06296296296296297	0.003745008949469916	0.07037037037037037	0.04604158061407132	0	78	9.0	23.0	7.0	11.0
5	271	Hoxb2	0.06666666666666667	0.005273303042819771	0.07407407407407407	0.01952361283216302	0	78	31.0	20.0	6.0	9.0
5	271	Pax6	0.08148148148148149	0.005645050254715682	0.08518518518518518	0.05150764147046675	0	78	5.0	14.0	5.0	6.0
5	271	Pou3f3	0.040740740740740744	0.0014732204323282389	0.05185185185185186	0.027825967231171693	0	78	21.0	37.0	17.0	14.0
5	228	Ebf2	0.052863436123348026	0.0017738099879147013	0.07048458149779736	0.062512182760906	1	48	5.0	24.0	8.0	16.0
5	228	Nr2f1	0.08370044052863437	0.006198588748976649	0.0881057268722467	0.03309812482944135	0	66	22.0	13.0	4.0	4.0
5	228	Pou3f2	0.0748898678414097	0.004580718100658844	0.07929515418502203	0.0391407742388211	0	66	17.0	20.0	6.0	7.0
5	228	Hoxb2	0.061674008810572695	0.005886710069782855	0.07048458149779736	0.03434563954621652	0	66	19.0	24.0	5.0	9.0
5	228	Pax6	0.07929515418502203	0.004385793926162723	0.08370044052863437	0.046859771548867495	0	66	13.0	15.0	7.0	5.0
5	228	Pou3f3	0.04405286343612335	0.002261120424155004	0.052863436123348026	0.07913921484542513	0	66	1.0	36.0	11.0	12.0
5	203	Ebf2	0.024752475247524754	0.0012068371016206098	0.04950495049504951	0.011895965715974583	1	43	46.0	32.0	8.0	17.0
5	203	Nr2f1	0.06930693069306931	0.006773065366238116	0.07425742574257425	0.0636421851140338	0	63	7.0	21.0	3.0	6.0
5	203	Pou3f2	0.08415841584158416	0.005024383035318458	0.08415841584158416	0.017511452637801093	0	63	36.0	15.0	6.0	4.0
5	203	Hoxb2	0.054455445544554455	0.007930643810649722	0.0594059405940594	0.029826116940052216	0	63	19.0	27.0	2.0	10.0
5	203	Pax6	0.06435643564356436	0.003127924732771785	0.06930693069306931	0.10822126988818286	0	63	3.0	22.0	8.0	7.0
5	203	Pou3f3	0.034653465346534656	0.0014038717304566278	0.04455445544554455	0.10122654056450421	0	63	5.0	37.0	17.0	12.0
5	180	Ebf2	0.0111731843575419	0.00021969744523256542	0.02793296089385475	0.0026049839934718473	1	30	80.0	53.0	14.0	17.0
5	180	Nr2f1	0.06145251396648045	0.005649362877408825	0.0670391061452514	0.04255853367647981	0	48	11.0	22.0	4.0	6.0
5	180	Pou3f2	0.08379888268156425	0.005900445671960328	0.08379888268156425	0.022817148954867864	0	48	32.0	13.0	3.0	3.0
5	180	Hoxb2	0.06145251396648045	0.008191576172242795	0.06145251396648045	0.027776034147260056	0	48	25.0	25.0	1.0	6.0
5	180	Pax6	0.0558659217877095	0.002730525390747599	0.06145251396648045	0.08894607996987006	0	48	5.0	25.0	7.0	7.0
5	180	Pou3f3	0.0335195530726257	0.0020086623564120267	0.03910614525139665	0.11352080848659844	0	48	4.0	39.0	11.0	12.0
5	154	Ebf2	0.0196078431372549	0.0009459924320605435	0.032679738562091505	0.010405916752665978	1	32	44.0	47.0	13.0	16.0
5	154	Nr2f1	0.058823529411764705	0.005073959408324734	0.058823529411764705	0.016210870313037494	0	46	30.0	26.0	8.0	6.0
5	154	Pou3f2	0.0784313725490196	0.007868937048503612	0.0784313725490196	0.03199174406604747	0	46	20.0	14.0	4.0	4.0
5	154	Hoxb2	0.06535947712418301	0.012168902648778809	0.06535947712418301	0.05740454076367389	0	46	12.0	23.0	1.0	5.0
5	154	Pax6	0.05228758169934641	0.0032679738562091504	0.058823529411764705	0.08625730994152046	0	46	6.0	26.0	10.0	8.0
5	154	Pou3f3	0.026143790849673203	0.0010749914000687995	0.032679738562091505	0.13820089439284486	0	46	4.0	47.0	16.0	14.0
5	130	Ebf2	0.015503875968992248	0.00024224806201550387	0.023255813953488372	0.0068435077519379845	1	29	46.0	50.0	17.0	17.0
5	130	Nr2f1	0.05426356589147287	0.006540697674418604	0.05426356589147287	0.020954457364341084	0	43	24.0	27.0	7.0	6.0
5	130	Pou3f2	0.07751937984496124	0.010719476744186046	0.07751937984496124	0.0357921511627907	0	43	14.0	14.0	3.0	3.0
5	130	Hoxb2	0.06976744186046512	0.01096172480620155	0.06976744186046512	0.0846656976744186	0	43	3.0	18.0	2.0	5.0
5	130	Pax6	0.046511627906976744	0.0061773255813953485	0.05426356589147287	0.05456637596899225	0	43	8.0	27.0	8.0	11.0
5	130	Pou3f3	0.031007751937984496	0.0006661821705426356	0.03875968992248062	0.08327277131782945	0	43	4.0	36.0	14.0	12.0
5	111	Ebf2	0.00909090909090909	8.340283569641368e-05	0.01818181818181818	0.0032527105921601337	1	29	53.0	56.0	18.0	22.0
5	111	Nr2f1	0.05454545454545454	0.006672226855713094	0.05454545454545454	0.023686405337781484	0	37	20.0	26.0	7.0	7.0
5	111	Pou3f2	0.05454545454545454	0.005421184320266889	0.05454545454545454	0.02310258548790659	0	37	21.0	26.0	8.0	7.0
5	111	Hoxb2	0.05454545454545454	0.008924103419516263	0.05454545454545454	0.045704753961634696	0	37	10.0	26.0	4.0	7.0
5	111	Pax6	0.03636363636363636	0.007089241034195163	0.045454545454545456	0.03194328607172644	0	37	16.0	31.0	6.0	11.0
5	111	Pou3f3	0.02727272727272727	0.0005004170141784821	0.03636363636363636	0.06680567139282735	0	37	5.0	36.0	15.0	13.0
5	89	Ebf2	0.0	0.0	0.011363636363636364	0.014106583072100314	2	19	25.0	64.0	19.0	19.0
5	89	Nr2f1	0.05681818181818182	0.007836990595611286	0.05681818181818182	0.021159874608150473	0	38	18.0	27.0	9.0	7.0
5	89	Pou3f2	0.045454545454545456	0.006530825496342738	0.045454545454545456	0.01149425287356322	0	38	31.0	32.0	10.0	10.0
5	89	Hoxb2	0.045454545454545456	0.010188087774294672	0.045454545454545456	0.024555903866248695	0	38	14.0	32.0	8.0	10.0
5	89	Pax6	0.05681818181818182	0.02246603970741902	0.05681818181818182	0.055120167189132714	0	38	6.0	27.0	2.0	7.0
5	89	Pou3f3	0.011363636363636364	0.0	0.011363636363636364	0.0	0	38	89.0	64.0	38.0	25.0
5	80	Ebf2	0.012658227848101266	0.0	0.012658227848101266	0.013145082765335929	3	4	23.0	54.0	4.0	4.0
5	80	Nr2f1	0.05063291139240506	0.0019474196689386564	0.05063291139240506	0.0019474196689386564	0	35	40.0	30.0	12.0	10.0
5	80	Pou3f2	0.05063291139240506	0.0103862382343395	0.05063291139240506	0.02044790652385589	0	35	17.0	30.0	6.0	10.0
5	80	Hoxb2	0.05063291139240506	0.01103537812398572	0.05063291139240506	0.0311587147030185	0	35	12.0	30.0	5.0	10.0
5	80	Pax6	0.05063291139240506	0.02904901006166829	0.05063291139240506	0.06426484907497565	0	35	5.0	30.0	1.0	10.0
5	80	Pou3f3	0.012658227848101266	0.0	0.012658227848101266	0.0	0	35	80.0	54.0	35.0	21.0
5	66	Ebf2	0.0	0.0	0.0	0.0	2	13	66.0	66.0	13.0	13.0
5	66	Nr2f1	0.015384615384615385	0.0004807692307692308	0.03076923076923077	0.0009615384615384616	4	4	37.0	32.0	1.0	3.0
5	66	Pou3f2	0.06153846153846154	0.00841346153846154	0.06153846153846154	0.02091346153846154	0	23	20.0	21.0	4.0	7.0
5	66	Hoxb2	0.06153846153846154	0.006730769230769231	0.06153846153846154	0.03173076923076923	0	23	11.0	21.0	6.0	7.0
5	66	Pax6	0.0	0.0	0.0	0.0	0	23	66.0	66.0	23.0	23.0
5	66	Pou3f3	0.015384615384615385	0.006490384615384616	0.015384615384615385	0.025240384615384616	0	23	14.0	43.0	7.0	12.0
5	59	Ebf2	0.0	0.0	0.0	0.0	1	16	59.0	59.0	16.0	16.0
5	59	Nr2f1	0.017241379310344827	0.00030248033877797946	0.034482758620689655	0.0006049606775559589	5	3	30.0	28.0	1.0	2.0
5	59	Pou3f2	0.05172413793103448	0.00574712643678161	0.05172413793103448	0.0060496067755595895	0	20	21.0	22.0	4.0	6.0
5	59	Hoxb2	0.06896551724137931	0.007864488808227465	0.06896551724137931	0.007864488808227465	0	20	19.0	15.0	2.0	5.0
5	59	Pax6	0.0	0.0	0.0	0.0	0	20	59.0	59.0	20.0	20.0
5	59	Pou3f3	0.017241379310344827	0.00544464609800363	0.017241379310344827	0.00544464609800363	0	20	22.0	38.0	5.0	11.0
5	54	Ebf2	0.0	0.0	0.0	0.0	4	4	54.0	54.0	4.0	4.0
5	54	Nr2f1	0.018867924528301886	0.000362844702467344	0.03773584905660377	0.000725689404934688	6	3	25.0	26.0	1.0	2.0
5	54	Pou3f2	0.03773584905660377	0.002902757619738752	0.03773584905660377	0.003265602322206096	0	16	21.0	26.0	4.0	6.0
5	54	Hoxb2	0.018867924528301886	0.002902757619738752	0.018867924528301886	0.002902757619738752	0	16	22.0	36.0	4.0	9.0
5	54	Pax6	0.0	0.0	0.0	0.0	0	16	54.0	54.0	16.0	16.0
5	54	Pou3f3	0.018867924528301886	0.0	0.018867924528301886	0.0	0	16	54.0	36.0	16.0	9.0
5	47	Ebf2	0.0	0.0	0.0	0.0	2	10	47.0	47.0	10.0	10.0
5	47	Nr2f1	0.021739130434782608	0.0004830917874396135	0.043478260869565216	0.000966183574879227	5	3	19.0	24.0	1.0	2.0
5	47	Pou3f2	0.043478260869565216	0.0	0.043478260869565216	0.0	0	13	47.0	24.0	13.0	6.0
5	47	Hoxb2	0.021739130434782608	0.002898550724637681	0.021739130434782608	0.002898550724637681	0	13	17.0	31.0	4.0	7.0
5	47	Pax6	0.0	0.0	0.0	0.0	0	13	47.0	47.0	13.0	13.0
5	27	Ebf2	0.0	0.0	0.0	0.0	2	5	27.0	27.0	5.0	5.0
5	25	Ebf2	0.0	0.0	0.0	0.0	2	5	25.0	25.0	5.0	5.0
5	25	Ebf2	0.0	0.0	0.0	0.0	0	8	25.0	25.0	8.0	8.0
5	24	Ebf2	0.0	0.0	0.0	0.0	1	6	24.0	24.0	6.0	6.0
