run	nodes	geneid	local_outdegree_centrality	local_betweenness_centrality	outdegree_centrality	betweenness_centrality	community	community_size	rank_betweenness	rank_outdegree	rank_local_betweenness	rank_local_outdegree
1	392	Zic5	0.2122762148337596	0.0006885697422781822	0.2762148337595908	0.004131418453669093	1	123	94.0	5.0	41.0	2.0
1	392	Ascl2	0.12531969309462918	0.00064266509279297	0.1329923273657289	0.002524755721686668	2	97	128.0	54.0	30.0	7.0
1	392	Hand1	0.10230179028132994	0.0011935208866155158	0.14066496163682865	0.00954160928585481	2	97	37.0	49.0	14.0	19.0
1	392	Elf3	0.11253196930946292	0.0007082431634861302	0.13043478260869568	0.004105187225391829	2	97	95.0	58.0	28.0	12.0
1	392	Sox1	0.11764705882352942	0.001298445799724572	0.1278772378516624	0.0032198832710341662	1	123	113.0	59.0	24.0	20.0
1	392	Tcf15	0.13554987212276215	0.0017115876450914814	0.1790281329923274	0.010158043150370517	0	172	29.0	31.0	33.0	12.0
1	381	Zic5	0.19999999999999998	0.0024927093459241774	0.25263157894736843	0.007943341202610749	1	119	61.0	4.0	9.0	2.0
1	381	Ascl2	0.11578947368421053	0.0009582002499652826	0.12105263157894737	0.006568532148312735	2	93	68.0	46.0	23.0	5.0
1	381	Hand1	0.10263157894736842	0.0014095264546590753	0.13421052631578947	0.016581030412442715	2	93	12.0	39.0	11.0	12.0
1	381	Elf3	0.10263157894736842	0.0008748784890987363	0.1131578947368421	0.00440216636578253	2	93	101.0	55.0	24.0	12.0
1	381	Sox1	0.09473684210526316	0.0017428134981252604	0.10526315789473684	0.005957505901958061	1	119	74.0	69.0	15.0	20.0
1	381	Tcf15	0.11842105263157894	0.0010206915706151925	0.15263157894736842	0.007943341202610749	0	169	61.0	32.0	51.0	14.0
1	364	Zic5	0.2066115702479339	0.002899410985799735	0.2396694214876033	0.00803616273229533	0	139	55.0	1.0	17.0	1.0
1	364	Ascl2	0.11294765840220386	0.0012708704320959468	0.11294765840220386	0.00925376314627947	2	92	48.0	43.0	16.0	4.0
1	364	Hand1	0.09641873278236915	0.0020394806934234356	0.1184573002754821	0.02225164756556017	2	92	6.0	38.0	7.0	12.0
1	364	Elf3	0.09917355371900827	0.0007077302406282818	0.10743801652892562	0.002275390773632863	2	92	130.0	45.0	32.0	7.0
1	364	Sox1	0.09366391184573003	0.0027319909288769156	0.09366391184573003	0.005775991963837268	0	139	71.0	61.0	22.0	20.0
1	364	Tcf15	0.0881542699724518	0.001073010364823524	0.11570247933884298	0.006810952315723788	1	133	64.0	41.0	30.0	12.0
1	352	Zic5	0.11396011396011396	0.001579161579161579	0.1965811965811966	0.009857549857549858	2	73	47.0	2.0	8.0	3.0
1	352	Ascl2	0.10541310541310542	0.0020919820919820917	0.10541310541310542	0.017688237688237688	1	86	15.0	35.0	5.0	3.0
1	352	Hand1	0.07977207977207977	0.0013349613349613349	0.09686609686609687	0.00927960927960928	1	86	51.0	46.0	14.0	13.0
1	352	Elf3	0.08831908831908833	0.0017419617419617418	0.10256410256410257	0.00870980870980871	1	86	55.0	38.0	9.0	10.0
1	352	Sox1	0.06552706552706553	0.001286121286121286	0.07977207977207977	0.006218966218966219	2	73	68.0	62.0	11.0	9.0
1	352	Tcf15	0.06837606837606838	0.0018884818884818883	0.10826210826210826	0.01696377696377696	3	72	18.0	33.0	4.0	6.0
1	341	Zic5	0.10882352941176471	0.0028023598820058997	0.17352941176470588	0.010619469026548672	3	70	40.0	4.0	3.0	3.0
1	341	Ascl2	0.10294117647058823	0.0035311469720631615	0.10294117647058823	0.023937185493666493	0	84	7.0	26.0	2.0	1.0
1	341	Hand1	0.055882352941176466	0.0007721672739892417	0.07058823529411765	0.010038174561860142	0	84	42.0	56.0	27.0	21.0
1	341	Elf3	0.08529411764705883	0.0025420787784140204	0.1	0.013682110012146451	0	84	34.0	29.0	7.0	8.0
1	341	Sox1	0.055882352941176466	0.0011886170397362485	0.06764705882352941	0.007062293944126323	3	70	62.0	61.0	11.0	9.0
1	341	Tcf15	0.052941176470588235	0.0012927294811730002	0.07352941176470588	0.008415755682804095	1	81	55.0	51.0	9.0	9.0
1	333	Zic5	0.08734939759036145	0.0029483492883922396	0.15060240963855423	0.015770028755505407	3	54	33.0	3.0	3.0	3.0
1	333	Ascl2	0.08132530120481928	0.003339642558148	0.08132530120481928	0.010883412805299749	2	78	50.0	30.0	2.0	3.0
1	333	Hand1	0.05421686746987952	0.0007643868525461362	0.06325301204819278	0.0077621664907363596	2	78	61.0	45.0	29.0	18.0
1	333	Elf3	0.07228915662650603	0.0012284788701634331	0.08433734939759037	0.014596148946238124	2	78	37.0	28.0	19.0	9.0
1	333	Sox1	0.03614457831325302	0.0005459906089615258	0.05120481927710844	0.004413424089105667	3	54	87.0	70.0	13.0	12.0
1	333	Tcf15	0.03614457831325302	0.0025752557056018636	0.04819277108433735	0.018418083208968806	0	109	25.0	74.0	12.0	16.0
1	324	Zic5	0.0804953560371517	0.0028363748245293537	0.12693498452012383	0.017172086225794664	3	53	35.0	3.0	3.0	3.0
1	324	Ascl2	0.07120743034055728	0.0026344633963425183	0.07120743034055728	0.009364844335903698	1	77	60.0	29.0	7.0	6.0
1	324	Hand1	0.05572755417956657	0.0015672172759263888	0.061919504643962855	0.020008461050324017	1	77	26.0	40.0	19.0	13.0
1	324	Elf3	0.06811145510835914	0.002221025710055189	0.07430340557275542	0.019306578466626922	1	77	27.0	23.0	12.0	7.0
1	324	Sox1	0.02476780185758514	0.0002884448974097648	0.043343653250773995	0.0032882718304713186	3	53	100.0	68.0	18.0	16.0
1	324	Tcf15	0.027863777089783284	0.000999942311020518	0.04643962848297214	0.019287348806799606	0	99	28.0	60.0	21.0	18.0
1	307	Zic5	0.08169934640522876	0.004178720668595307	0.11764705882352941	0.021332904746598092	3	60	20.0	3.0	2.0	3.0
1	307	Ascl2	0.06535947712418301	0.002260795028393871	0.06535947712418301	0.006750241080038573	1	69	75.0	24.0	8.0	5.0
1	307	Hand1	0.0392156862745098	0.0007607414550519662	0.049019607843137254	0.027890281795778418	1	69	12.0	40.0	28.0	18.0
1	307	Elf3	0.04575163398692811	0.0024108003857280617	0.04575163398692811	0.019468552448301726	1	69	25.0	46.0	6.0	13.0
1	307	Sox1	0.022875816993464054	0.00024643737276331296	0.029411764705882353	0.0015857709203900138	3	60	119.0	80.0	23.0	20.0
1	307	Tcf15	0.029411764705882353	0.003417979213543341	0.0392156862745098	0.0189756777027751	0	87	29.0	58.0	6.0	13.0
1	293	Zic5	0.07534246575342465	0.003201054465000235	0.10616438356164383	0.019123946711858023	3	54	31.0	2.0	3.0	3.0
1	293	Ascl2	0.05136986301369863	0.0018476674669302827	0.05136986301369863	0.005025184766746692	2	56	81.0	27.0	8.0	6.0
1	293	Hand1	0.023972602739726026	0.00037659464294120413	0.03424657534246575	0.027420797439156427	2	56	15.0	52.0	29.0	22.0
1	293	Elf3	0.04452054794520548	0.0018947417972979333	0.04452054794520548	0.026679376735865932	2	56	17.0	36.0	6.0	10.0
1	293	Sox1	0.023972602739726026	0.00042366897330885467	0.0273972602739726	0.005790142635221014	3	54	77.0	74.0	16.0	15.0
1	293	Tcf15	0.017123287671232876	0.0026243939179965165	0.0273972602739726	0.00948547756908158	0	73	56.0	74.0	11.0	14.0
1	276	Zic5	0.06909090909090909	0.0018181818181818182	0.10181818181818182	0.015806237558062375	3	36	45.0	2.0	4.0	2.0
1	276	Ascl2	0.05090909090909091	0.0029462508294625083	0.05090909090909091	0.006051758460517584	2	56	78.0	21.0	3.0	6.0
1	276	Hand1	0.02181818181818182	0.000690112806901128	0.02909090909090909	0.02119442601194426	2	56	34.0	50.0	26.0	22.0
1	276	Elf3	0.03272727272727273	0.001831453218314532	0.03272727272727273	0.006542800265428002	2	56	73.0	42.0	11.0	13.0
1	276	Sox1	0.02181818181818182	0.0009555408095554081	0.02909090909090909	0.014200398142003981	3	36	48.0	50.0	6.0	9.0
1	276	Tcf15	0.01090909090909091	0.000915726609157266	0.01818181818181818	0.0093828798938288	4	31	66.0	83.0	7.0	8.0
1	260	Zic5	0.05791505791505792	0.001466582861931699	0.09266409266409267	0.01789829696806441	3	39	47.0	1.0	8.0	1.0
1	260	Ascl2	0.04247104247104247	0.0041154110921552784	0.04247104247104247	0.00915866032145102	2	51	67.0	23.0	3.0	6.0
1	260	Hand1	0.019305019305019305	0.0006285355122564425	0.02702702702702703	0.027730388195504475	2	51	29.0	48.0	22.0	23.0
1	260	Elf3	0.02316602316602317	0.00037412828110502526	0.02316602316602317	0.0007482565622100505	2	51	120.0	56.0	30.0	16.0
1	260	Sox1	0.019305019305019305	0.0016760946993505132	0.02702702702702703	0.010460626739696508	3	39	62.0	48.0	4.0	11.0
1	260	Tcf15	0.015444015444015444	0.0003890934123492263	0.019305019305019305	0.01715004040585436	6	13	48.0	74.0	1.0	1.0
1	234	Zic5	0.060085836909871244	0.0016649400621577622	0.0815450643776824	0.033613289921562824	3	41	18.0	1.0	8.0	1.0
1	234	Ascl2	0.04291845493562232	0.0034223767944354003	0.04291845493562232	0.01589092792659464	2	45	43.0	20.0	3.0	5.0
1	234	Hand1	0.02145922746781116	0.0013319520497262099	0.02575107296137339	0.006752256918750925	2	45	71.0	42.0	16.0	16.0
1	234	Elf3	0.02575107296137339	0.000536480686695279	0.02575107296137339	0.0012209560455823589	2	45	101.0	42.0	25.0	14.0
1	234	Sox1	0.02145922746781116	0.0033113807902915493	0.02575107296137339	0.01137709042474471	3	41	50.0	42.0	2.0	9.0
1	234	Tcf15	0.017167381974248927	0.00027749001035962703	0.02145922746781116	0.0136155098416457	5	12	47.0	53.0	2.0	1.0
1	212	Zic5	0.05213270142180095	0.0038366057323403293	0.08056872037914692	0.08436018957345971	1	45	8.0	1.0	4.0	2.0
1	212	Ascl2	0.037914691943127965	0.004242834574588129	0.037914691943127965	0.02265854208982171	3	40	25.0	22.0	1.0	7.0
1	212	Hand1	0.014218009478672987	0.0015572105619498984	0.018957345971563982	0.020063191153238548	3	40	29.0	58.0	13.0	23.0
1	212	Elf3	0.028436018957345974	0.001083276912660799	0.028436018957345974	0.011329271044910855	3	40	41.0	33.0	17.0	13.0
1	212	Sox1	0.023696682464454978	0.00349808169713383	0.028436018957345974	0.021304445948995714	1	45	28.0	33.0	5.0	9.0
1	212	Tcf15	0.018957345971563982	0.0007673211464680659	0.018957345971563982	0.012299706612502822	5	13	39.0	58.0	1.0	1.0
1	184	Zic5	0.06557377049180328	0.008557016753738066	0.08743169398907104	0.03494865789947757	0	49	15.0	1.0	2.0	1.0
1	184	Ascl2	0.03825136612021858	0.00624512099921936	0.03825136612021858	0.011109109469765208	1	39	39.0	17.0	1.0	9.0
1	184	Hand1	0.01639344262295082	0.0019215756920674953	0.02185792349726776	0.02107728337236534	1	39	22.0	43.0	14.0	20.0
1	184	Elf3	0.03278688524590164	0.0035429051822494445	0.03278688524590164	0.01059869092655978	1	39	41.0	24.0	5.0	11.0
1	184	Sox1	0.01639344262295082	0.002191797273764487	0.02185792349726776	0.008827238335435056	0	49	51.0	43.0	16.0	19.0
1	184	Tcf15	0.01639344262295082	0.0006004924037710923	0.01639344262295082	0.012220020416741728	5	9	35.0	63.0	1.0	1.0
1	167	Zic5	0.060240963855421686	0.004928806133625411	0.0783132530120482	0.0362175976633808	1	39	2.0	1.0	6.0	1.0
1	167	Ascl2	0.024096385542168676	0.001058780576852866	0.024096385542168676	0.001058780576852866	0	44	69.0	32.0	19.0	17.0
1	167	Hand1	0.012048192771084338	0.005768528660094925	0.01807228915662651	0.0140197152245345	0	44	13.0	46.0	4.0	23.0
1	167	Elf3	0.030120481927710843	0.003103322380430814	0.030120481927710843	0.0035779481562614093	0	44	49.0	19.0	13.0	8.0
1	167	Sox1	0.006024096385542169	0.0	0.006024096385542169	0.0	7	6	167.0	106.0	6.0	3.0
1	167	Tcf15	0.01807228915662651	0.0007301935012778386	0.01807228915662651	0.004235122307411464	6	9	45.0	46.0	1.0	1.0
1	142	Zic5	0.06382978723404255	0.005319148936170213	0.0851063829787234	0.030699088145896655	1	31	1.0	1.0	4.0	1.0
1	142	Ascl2	0.02127659574468085	0.0	0.02127659574468085	0.0	0	37	142.0	33.0	37.0	15.0
1	142	Hand1	0.0070921985815602835	0.0028875379939209724	0.014184397163120567	0.008561296859169199	0	37	14.0	56.0	13.0	28.0
1	142	Elf3	0.02127659574468085	0.005065856129685916	0.02127659574468085	0.005977710233029381	0	37	22.0	33.0	9.0	15.0
1	142	Sox1	0.0	0.0	0.0	0.0	1	31	142.0	142.0	31.0	31.0
1	142	Tcf15	0.014184397163120567	0.0005065856129685916	0.014184397163120567	0.0018743667679837891	6	7	48.0	56.0	1.0	1.0
1	68	Zic5	0.05970149253731343	0.0013568521031207597	0.11940298507462686	0.07304387155133424	4	9	2.0	2.0	2.0	1.0
1	68	Sox1	0.0	0.0	0.0	0.0	0	13	68.0	68.0	13.0	13.0
1	48	Zic5	0.06382978723404255	0.002775208140610546	0.10638297872340426	0.052728954671600374	3	9	3.0	3.0	2.0	1.0
1	48	Sox1	0.0	0.0	0.0	0.0	5	2	48.0	48.0	2.0	2.0
1	34	Zic5	0.06060606060606061	0.002840909090909091	0.15151515151515152	0.09848484848484848	3	5	2.0	2.0	1.0	1.0
1	34	Sox1	0.0	0.0	0.0	0.0	6	2	34.0	34.0	2.0	2.0
1	25	Ascl2	0.08333333333333333	0.0	0.08333333333333333	0.0	1	8	25.0	5.0	8.0	2.0
1	25	Hand1	0.041666666666666664	0.007246376811594203	0.041666666666666664	0.010869565217391304	0	9	6.0	18.0	4.0	8.0
1	25	Elf3	0.041666666666666664	0.0036231884057971015	0.041666666666666664	0.007246376811594203	0	9	7.0	18.0	5.0	8.0
2	362	Zic5	0.23268698060941828	0.006478916589719914	0.26869806094182824	0.011680517082179133	0	145	32.0	1.0	3.0	1.0
2	362	Sox1	0.07756232686980609	0.004816866728224069	0.08033240997229917	0.010018467220683287	0	145	44.0	72.0	6.0	25.0
2	362	Ascl2	0.11634349030470914	0.0025777162203755003	0.11634349030470914	0.008887349953831948	2	81	51.0	37.0	1.0	2.0
2	362	Hand1	0.07202216066481995	0.0005001538935056941	0.09141274238227147	0.004778393351800554	2	81	85.0	64.0	36.0	22.0
2	362	Tcf15	0.0886426592797784	0.004555247768544168	0.11634349030470914	0.011111111111111112	1	125	34.0	37.0	5.0	11.0
2	362	Elf3	0.0886426592797784	0.0011926746691289629	0.0997229916897507	0.007563865804863035	2	81	59.0	49.0	11.0	12.0
2	354	Zic5	0.1359773371104816	0.0027362863765130058	0.2096317280453258	0.010977337110481588	2	91	38.0	2.0	7.0	2.0
2	354	Sox1	0.0481586402266289	0.0020924542879217104	0.059490084985835696	0.008305433942827711	2	91	56.0	81.0	10.0	16.0
2	354	Ascl2	0.09915014164305949	0.0021970770023177957	0.09915014164305949	0.01059103785732681	3	77	41.0	34.0	2.0	2.0
2	354	Hand1	0.06515580736543909	0.0010542750450682464	0.07932011331444759	0.010196690703064643	3	77	43.0	54.0	15.0	19.0
2	354	Tcf15	0.06515580736543909	0.002374130826680402	0.09348441926345609	0.011114151429307238	0	93	37.0	38.0	8.0	7.0
2	354	Elf3	0.07932011331444759	0.000748454802987381	0.0878186968838527	0.002655807365439094	3	77	111.0	46.0	23.0	9.0
2	342	Zic5	0.16715542521994134	0.0027686734517854065	0.1906158357771261	0.007167500431257547	0	143	67.0	2.0	19.0	1.0
2	342	Sox1	0.0469208211143695	0.0037605658099016735	0.04985337243401759	0.008176643091254097	0	143	58.0	78.0	13.0	32.0
2	342	Ascl2	0.093841642228739	0.0010867690184578232	0.093841642228739	0.002820424357426255	2	70	105.0	29.0	14.0	1.0
2	342	Hand1	0.0469208211143695	0.000362256339485941	0.06158357771260997	0.01311885457995515	2	70	37.0	58.0	35.0	25.0
2	342	Tcf15	0.07331378299120235	0.005916853544937037	0.08211143695014662	0.01276522339140935	1	125	39.0	36.0	7.0	5.0
2	342	Elf3	0.05571847507331378	0.0008538899430740039	0.05865102639296188	0.002001035018112817	2	70	114.0	62.0	19.0	18.0
2	328	Zic5	0.12232415902140673	0.002467120691919476	0.17737003058103976	0.01555317911483837	1	72	33.0	1.0	7.0	2.0
2	328	Sox1	0.024464831804281346	0.001397722369186319	0.03669724770642202	0.00711994146451286	1	72	64.0	83.0	10.0	24.0
2	328	Ascl2	0.07339449541284404	0.0009755914523179676	0.07339449541284404	0.002570308249376184	2	69	107.0	31.0	19.0	5.0
2	328	Hand1	0.027522935779816515	0.0004971764132005028	0.04281345565749235	0.026172116845837787	2	69	11.0	72.0	29.0	31.0
2	328	Tcf15	0.0672782874617737	0.006528958180897168	0.0764525993883792	0.020468659124594283	0	114	21.0	28.0	5.0	4.0
2	328	Elf3	0.05198776758409786	0.0019324215305528975	0.05198776758409786	0.0057691225305341355	2	69	73.0	55.0	7.0	14.0
2	313	Zic5	0.15705128205128205	0.009419572924396076	0.16346153846153846	0.031103141231758596	0	132	11.0	1.0	1.0	1.0
2	313	Sox1	0.02564102564102564	0.0038543985489323113	0.028846153846153844	0.008028279330530136	0	132	63.0	81.0	13.0	37.0
2	313	Ascl2	0.07371794871794872	0.0027825871877318826	0.07371794871794872	0.010264654959188721	1	73	52.0	19.0	7.0	1.0
2	313	Hand1	0.028846153846153844	0.002844422458570369	0.035256410256410256	0.04277970154175942	1	73	3.0	67.0	5.0	27.0
2	313	Tcf15	0.041666666666666664	0.0009893643334157804	0.0673076923076923	0.02444554373814824	2	70	19.0	26.0	10.0	5.0
2	313	Elf3	0.04487179487179487	0.003215434083601286	0.04487179487179487	0.008193173386099432	1	73	60.0	52.0	4.0	15.0
2	296	Zic5	0.0983050847457627	0.005765017871555402	0.14576271186440679	0.034682347515277295	1	71	12.0	1.0	2.0	2.0
2	296	Sox1	0.01694915254237288	0.0011645336100541911	0.02711864406779661	0.005499827049463854	1	71	76.0	73.0	16.0	21.0
2	296	Ascl2	0.05084745762711864	0.0023290672201083822	0.05084745762711864	0.017018332756831546	2	68	39.0	33.0	12.0	5.0
2	296	Hand1	0.020338983050847456	0.0005073215726968754	0.030508474576271184	0.03946731234866828	2	68	7.0	64.0	37.0	29.0
2	296	Tcf15	0.05423728813559322	0.004900265190822092	0.06101694915254237	0.03356393404819555	0	102	13.0	20.0	12.0	4.0
2	296	Elf3	0.04067796610169491	0.0038510319381990085	0.04406779661016949	0.028732849071832125	2	68	17.0	41.0	2.0	13.0
2	274	Zic5	0.0695970695970696	0.003528334410687352	0.12087912087912088	0.054325576384399915	2	47	5.0	1.0	3.0	3.0
2	274	Sox1	0.010989010989010988	0.0010234863176039647	0.018315018315018316	0.0029223227752639518	2	47	105.0	79.0	9.0	19.0
2	274	Ascl2	0.047619047619047616	0.0029223227752639518	0.047619047619047616	0.03021978021978022	1	62	15.0	27.0	4.0	4.0
2	274	Hand1	0.02564102564102564	0.001656431803490627	0.03296703296703297	0.060991704374057314	1	62	3.0	53.0	14.0	21.0
2	274	Tcf15	0.040293040293040296	0.004242081447963801	0.054945054945054944	0.029681103210514974	0	77	17.0	14.0	4.0	4.0
2	274	Elf3	0.03663003663003663	0.003043525102348632	0.03663003663003663	0.031108597285067874	1	62	14.0	46.0	3.0	15.0
2	249	Zic5	0.08870967741935484	0.009305210918114145	0.11693548387096774	0.04037155543946716	1	67	13.0	1.0	3.0	2.0
2	249	Sox1	0.016129032258064516	0.0023344651952461803	0.020161290322580645	0.005795350659527231	1	67	81.0	68.0	12.0	19.0
2	249	Ascl2	0.04032258064516129	0.0022365156066344524	0.04032258064516129	0.012978320491053939	2	55	55.0	27.0	13.0	6.0
2	249	Hand1	0.016129032258064516	0.001305994514823038	0.024193548387096774	0.034559879848504636	2	55	18.0	58.0	21.0	26.0
2	249	Tcf15	0.024193548387096774	0.003101736972704715	0.024193548387096774	0.01070915502154891	0	70	60.0	58.0	11.0	7.0
2	249	Elf3	0.028225806451612902	0.0026283139610813635	0.03225806451612903	0.019802141831004313	2	55	33.0	40.0	7.0	16.0
2	219	Zic5	0.0779816513761468	0.004164376611846277	0.11009174311926606	0.09903606307867924	3	34	1.0	1.0	2.0	2.0
2	219	Sox1	0.0045871559633027525	0.0	0.009174311926605505	0.00790597387223608	3	34	72.0	100.0	34.0	26.0
2	219	Ascl2	0.03669724770642202	0.0022618695302921406	0.04128440366972477	0.03411829366253752	0	43	27.0	22.0	10.0	9.0
2	219	Hand1	0.009174311926605505	0.0	0.022935779816513763	0.03132794994292479	6	13	29.0	52.0	13.0	5.0
2	219	Tcf15	0.013761467889908258	0.001226060119223777	0.01834862385321101	0.021075550670105272	2	38	41.0	64.0	10.0	8.0
2	219	Elf3	0.022935779816513763	0.003128567200777914	0.027522935779816515	0.014205386208937555	0	43	52.0	42.0	4.0	15.0
2	197	Zic5	0.09183673469387754	0.005416012558869702	0.1173469387755102	0.13014128728414442	1	37	5.0	1.0	2.0	2.0
2	197	Sox1	0.00510204081632653	0.0	0.01020408163265306	0.014913657770800628	1	37	42.0	86.0	37.0	25.0
2	197	Ascl2	0.03571428571428571	0.0032443746729461016	0.04081632653061224	0.051909994767137625	0	37	15.0	16.0	2.0	7.0
2	197	Hand1	0.01020408163265306	0.0003401360544217687	0.015306122448979591	0.014939822082679225	4	20	41.0	66.0	6.0	7.0
2	197	Tcf15	0.02040816326530612	0.0	0.02040816326530612	0.00892203035060178	3	24	56.0	53.0	24.0	4.0
2	197	Elf3	0.02551020408163265	0.002694924123495552	0.02551020408163265	0.008555729984301413	0	37	58.0	35.0	6.0	10.0
2	178	Zic5	0.0903954802259887	0.005489214175654854	0.11864406779661017	0.06381612737544941	0	35	1.0	1.0	4.0	1.0
2	178	Sox1	0.005649717514124294	0.00025680534155110427	0.011299435028248588	0.02381869542886492	0	35	14.0	74.0	13.0	21.0
2	178	Ascl2	0.03389830508474576	0.002921160760143811	0.03389830508474576	0.004365690806368772	1	32	52.0	19.0	3.0	6.0
2	178	Hand1	0.005649717514124294	6.420133538777607e-05	0.005649717514124294	0.003723677452491012	6	18	55.0	116.0	7.0	11.0
2	178	Tcf15	0.022598870056497175	0.0	0.022598870056497175	0.008731381612737545	4	20	34.0	39.0	20.0	2.0
2	178	Elf3	0.02824858757062147	0.0022149460708782744	0.02824858757062147	0.0029532614278376993	1	32	59.0	23.0	5.0	8.0
2	147	Zic5	0.0821917808219178	0.00406235238545111	0.1095890410958904	0.018752952290977797	0	31	12.0	1.0	3.0	2.0
2	147	Sox1	0.00684931506849315	0.00028341993386868207	0.0136986301369863	0.023618327822390175	0	31	9.0	63.0	10.0	17.0
2	147	Ascl2	0.0273972602739726	0.004204062352385451	0.0273972602739726	0.005101558809636278	1	31	40.0	24.0	4.0	9.0
2	147	Hand1	0.00684931506849315	9.44733112895607e-05	0.00684931506849315	0.0008502598016060463	5	13	62.0	94.0	3.0	7.0
2	147	Tcf15	0.02054794520547945	0.0018422295701464337	0.02054794520547945	0.007794048181388758	2	25	30.0	40.0	4.0	3.0
2	147	Elf3	0.0273972602739726	0.0011336797354747283	0.0273972602739726	0.0015588096362777516	1	31	54.0	24.0	12.0	9.0
2	120	Zic5	0.08403361344537814	0.007050277738213929	0.10084033613445378	0.028984475145990597	0	26	9.0	2.0	2.0	2.0
2	120	Sox1	0.008403361344537815	0.0	0.008403361344537815	0.024426719840478565	2	20	10.0	79.0	20.0	12.0
2	120	Ascl2	0.03361344537815126	0.004628970232160661	0.03361344537815126	0.006622988178322176	1	21	34.0	15.0	4.0	5.0
2	120	Hand1	0.008403361344537815	0.0009970089730807576	0.008403361344537815	0.008403361344537815	4	13	28.0	79.0	2.0	9.0
2	120	Tcf15	0.025210084033613446	0.002350092579404643	0.025210084033613446	0.008545791197835067	2	20	27.0	27.0	5.0	3.0
2	120	Elf3	0.01680672268907563	0.0011394388263780088	0.01680672268907563	0.0019940179461615153	1	21	48.0	49.0	11.0	15.0
2	103	Zic5	0.08823529411764705	0.0085420306736556	0.08823529411764705	0.016307513104251603	0	30	5.0	2.0	2.0	2.0
2	103	Sox1	0.0	0.0	0.0	0.0	0	30	103.0	103.0	30.0	30.0
2	103	Ascl2	0.0392156862745098	0.006891865657153951	0.0392156862745098	0.017763541059988352	1	20	4.0	9.0	3.0	3.0
2	103	Hand1	0.00980392156862745	0.0007765482430596001	0.00980392156862745	0.0128130460104834	4	11	9.0	64.0	1.0	8.0
2	103	Tcf15	0.029411764705882353	0.0017472335468841002	0.029411764705882353	0.0017472335468841002	2	14	37.0	20.0	3.0	2.0
2	103	Elf3	0.00980392156862745	0.00145602795573675	0.00980392156862745	0.00223257619879635	1	20	36.0	64.0	10.0	18.0
2	54	Zic5	0.09433962264150943	0.009071117561683599	0.1320754716981132	0.020319303338171262	0	14	4.0	3.0	2.0	2.0
2	54	Sox1	0.0	0.0	0.0	0.0	2	8	54.0	54.0	8.0	8.0
2	54	Hand1	0.018867924528301886	0.00181422351233672	0.018867924528301886	0.00181422351233672	1	12	19.0	30.0	5.0	10.0
2	29	Zic5	0.14285714285714285	0.015873015873015872	0.21428571428571427	0.0582010582010582	0	11	2.0	2.0	2.0	2.0
2	29	Sox1	0.0	0.0	0.0	0.0	4	3	29.0	29.0	3.0	3.0
2	23	Zic5	0.18181818181818182	0.023809523809523808	0.2727272727272727	0.08008658008658008	0	10	2.0	2.0	2.0	2.0
2	23	Sox1	0.0	0.0	0.0	0.0	1	6	23.0	23.0	6.0	6.0
2	22	Zic5	0.14285714285714285	0.009523809523809525	0.19047619047619047	0.08571428571428572	1	6	2.0	2.0	1.0	1.0
2	22	Sox1	0.0	0.0	0.0	0.0	0	8	22.0	22.0	8.0	8.0
2	18	Zic5	0.1764705882352941	0.0	0.23529411764705882	0.08823529411764705	2	5	2.0	2.0	5.0	1.0
2	18	Sox1	0.0	0.0	0.0	0.0	0	8	18.0	18.0	8.0	8.0
2	8	Zic5	0.14285714285714285	0.0	0.14285714285714285	0.09523809523809523	2	2	2.0	5.0	2.0	1.0
2	8	Sox1	0.0	0.0	0.0	0.0	1	3	8.0	8.0	3.0	3.0
3	407	Sox1	0.12315270935960591	0.0018123213525512375	0.13793103448275862	0.0040625190050477406	1	126	89.0	68.0	9.0	20.0
3	407	Zic5	0.2413793103448276	0.0017697500456121146	0.33251231527093594	0.006896551724137931	1	126	54.0	4.0	10.0	1.0
3	407	Ascl2	0.13054187192118227	0.002937420178799489	0.1354679802955665	0.009535972754363558	2	106	36.0	73.0	4.0	9.0
3	407	Hand1	0.12315270935960591	0.0005534269902085993	0.16748768472906403	0.00722495894909688	2	106	50.0	45.0	28.0	15.0
3	407	Elf3	0.11822660098522167	0.0007297938332421091	0.1354679802955665	0.002979991485738612	2	106	112.0	73.0	24.0	18.0
3	407	Tcf15	0.15270935960591134	0.002396156419144925	0.20935960591133004	0.010156297512619351	0	175	32.0	29.0	28.0	13.0
3	392	Sox1	0.11508951406649617	0.0015017378188733688	0.12020460358056267	0.002846088268083153	1	134	114.0	73.0	22.0	22.0
3	392	Zic5	0.24552429667519182	0.0027805101973899927	0.31457800511508954	0.006334841628959276	1	134	68.0	4.0	8.0	1.0
3	392	Ascl2	0.11253196930946292	0.002196865368220867	0.11253196930946292	0.007725096727654273	2	100	53.0	82.0	3.0	15.0
3	392	Hand1	0.10741687979539642	0.0007738212341792904	0.14066496163682865	0.008984195684962948	2	100	45.0	51.0	25.0	19.0
3	392	Elf3	0.11253196930946292	0.000629549478654338	0.1278772378516624	0.004800314774739327	2	100	86.0	61.0	32.0	15.0
3	392	Tcf15	0.12020460358056267	0.0031084005508557936	0.1636828644501279	0.008308741556823398	0	158	48.0	36.0	17.0	12.0
3	377	Sox1	0.09574468085106383	0.0009219858156028368	0.10106382978723404	0.002723404255319149	1	132	117.0	79.0	38.0	26.0
3	377	Zic5	0.24202127659574468	0.004063829787234042	0.2952127659574468	0.011390070921985816	1	132	25.0	3.0	6.0	1.0
3	377	Ascl2	0.10638297872340426	0.00250354609929078	0.10638297872340426	0.009709219858156029	2	96	38.0	74.0	3.0	11.0
3	377	Hand1	0.10106382978723404	0.0016028368794326242	0.13297872340425532	0.017099290780141843	2	96	7.0	44.0	8.0	17.0
3	377	Elf3	0.09042553191489361	0.0009574468085106384	0.10372340425531915	0.006822695035460993	2	96	69.0	77.0	23.0	26.0
3	377	Tcf15	0.10372340425531915	0.003099290780141844	0.14361702127659573	0.008035460992907802	0	149	57.0	36.0	15.0	15.0
3	362	Sox1	0.09141274238227147	0.002554632194521391	0.09418282548476455	0.00471683594952293	0	152	87.0	76.0	22.0	27.0
3	362	Zic5	0.22714681440443213	0.0034010464758387196	0.25761772853185594	0.007394582948599569	0	152	61.0	4.0	13.0	1.0
3	362	Ascl2	0.09418282548476455	0.002177593105570945	0.09418282548476455	0.007648507232994767	2	87	59.0	76.0	3.0	14.0
3	362	Hand1	0.08587257617728532	0.0017774699907663898	0.11634349030470914	0.00961064943059403	2	87	42.0	44.0	6.0	21.0
3	362	Elf3	0.07479224376731301	0.0006848261003385657	0.0886426592797784	0.0023930440135426284	2	87	124.0	81.0	33.0	26.0
3	362	Tcf15	0.09695290858725762	0.0029624499846106493	0.12188365650969529	0.00781009541397353	1	123	58.0	40.0	11.0	9.0
3	354	Sox1	0.0764872521246459	0.0016176281225856299	0.07932011331444759	0.00229365181560649	0	149	121.0	79.0	28.0	28.0
3	354	Zic5	0.20113314447592068	0.003533028586144734	0.2322946175637394	0.00977015194437291	0	149	46.0	2.0	13.0	1.0
3	354	Ascl2	0.0821529745042493	0.002044166881277363	0.08498583569405099	0.008313481843935103	2	83	55.0	69.0	3.0	16.0
3	354	Hand1	0.0736543909348442	0.001915400463559104	0.1019830028328612	0.01294907288179243	2	83	33.0	42.0	6.0	24.0
3	354	Elf3	0.0679886685552408	0.0011910893638938966	0.0821529745042493	0.005182848313159929	2	83	75.0	74.0	15.0	27.0
3	354	Tcf15	0.06515580736543909	0.003364022662889519	0.0878186968838527	0.012900785475148082	1	122	34.0	62.0	8.0	16.0
3	344	Sox1	0.04956268221574344	0.0006819770514722179	0.0641399416909621	0.002506265664160401	1	83	120.0	79.0	23.0	17.0
3	344	Zic5	0.1282798833819242	0.0032223415682062296	0.21865889212827988	0.013716263447734984	1	83	25.0	2.0	6.0	2.0
3	344	Ascl2	0.08163265306122448	0.0021482277121374865	0.08454810495626822	0.008737830971987793	2	74	54.0	48.0	3.0	10.0
3	344	Hand1	0.061224489795918366	0.0012190339795065896	0.07580174927113703	0.011619184014457913	2	74	37.0	63.0	11.0	23.0
3	344	Elf3	0.04956268221574344	0.0008013230354798561	0.0641399416909621	0.0076040441239152295	2	74	59.0	79.0	22.0	28.0
3	344	Tcf15	0.052478134110787174	0.0031882427156326187	0.0641399416909621	0.01198574667962423	0	125	34.0	79.0	11.0	18.0
3	334	Sox1	0.04804804804804805	0.000786931509823076	0.05405405405405406	0.003943702738883462	0	121	86.0	78.0	36.0	26.0
3	334	Zic5	0.17717717717717718	0.005924599298093274	0.1921921921921922	0.014562755526610948	0	121	33.0	2.0	2.0	1.0
3	334	Ascl2	0.07807807807807808	0.0017185860559354536	0.08108108108108109	0.00786026990846268	2	75	57.0	45.0	10.0	9.0
3	334	Hand1	0.04804804804804805	0.0006693440428380187	0.05405405405405406	0.0038080248923622415	2	75	89.0	78.0	29.0	27.0
3	334	Elf3	0.04504504504504504	0.0009316545461123774	0.05405405405405406	0.010166793299323419	2	75	48.0	78.0	20.0	30.0
3	334	Tcf15	0.04204204204204204	0.0033105394551177685	0.057057057057057055	0.018624045732479468	1	94	19.0	73.0	5.0	12.0
3	329	Sox1	0.03353658536585366	0.0008391138957261133	0.039634146341463415	0.004904154546132617	0	108	75.0	85.0	27.0	28.0
3	329	Zic5	0.16463414634146342	0.007813082717983144	0.1798780487804878	0.016968747669128068	0	108	28.0	2.0	1.0	1.0
3	329	Ascl2	0.07621951219512195	0.0029368986350413965	0.07926829268292683	0.01267061982546431	2	78	43.0	29.0	3.0	7.0
3	329	Hand1	0.042682926829268296	0.0006246736779294399	0.04878048780487805	0.019430148429924667	2	78	23.0	73.0	28.0	29.0
3	329	Elf3	0.04573170731707317	0.00251734168717834	0.04878048780487805	0.009258223316178116	2	78	51.0	73.0	8.0	26.0
3	329	Tcf15	0.03353658536585366	0.0038785708958007014	0.04878048780487805	0.029555456105019768	1	91	5.0	73.0	5.0	15.0
3	319	Sox1	0.02830188679245283	0.0008630438664365216	0.02830188679245283	0.0022716901771719935	0	107	113.0	94.0	25.0	28.0
3	319	Zic5	0.1320754716981132	0.008392357597762037	0.14779874213836477	0.023083943416066503	0	107	19.0	3.0	1.0	2.0
3	319	Ascl2	0.07547169811320756	0.002499851199333373	0.07861635220125787	0.011636212130230344	2	75	40.0	22.0	7.0	3.0
3	319	Hand1	0.03773584905660378	0.0015574469773624586	0.04402515723270441	0.03329166914667778	2	75	6.0	62.0	16.0	29.0
3	319	Elf3	0.04088050314465409	0.0010614447552725035	0.04402515723270441	0.003700176576791064	2	75	95.0	62.0	25.0	25.0
3	319	Tcf15	0.025157232704402517	0.003392655199095292	0.03459119496855346	0.02135785568319346	1	86	20.0	80.0	6.0	17.0
3	304	Sox1	0.019801980198019802	0.00028413437370227086	0.023102310231023104	0.0018359451839223657	2	76	115.0	92.0	29.0	24.0
3	304	Zic5	0.07920792079207921	0.00479749961751142	0.1353135313531353	0.03176840862894236	2	76	11.0	2.0	4.0	4.0
3	304	Ascl2	0.07260726072607261	0.002535352873035648	0.07590759075907591	0.026337070793172032	1	77	19.0	14.0	7.0	1.0
3	304	Hand1	0.033003300330033	0.002885056717592289	0.036303630363036306	0.014993552335365985	1	77	37.0	65.0	3.0	26.0
3	304	Elf3	0.039603960396039604	0.0019124428999191308	0.0429042904290429	0.012436342972045548	1	77	47.0	53.0	14.0	22.0
3	304	Tcf15	0.019801980198019802	0.0022949314799029573	0.0297029702970297	0.016774856293576376	0	82	34.0	80.0	14.0	18.0
3	291	Sox1	0.013793103448275862	2.3863500775563776e-05	0.020689655172413793	0.0008829495286958597	3	50	134.0	87.0	25.0	20.0
3	291	Zic5	0.06206896551724138	0.003997136379906932	0.13448275862068965	0.04234578212623792	3	50	8.0	2.0	2.0	3.0
3	291	Ascl2	0.05862068965517241	0.0026249850853120155	0.05862068965517241	0.009557332060613292	0	71	64.0	22.0	7.0	5.0
3	291	Hand1	0.03103448275862069	0.0032692996062522375	0.034482758620689655	0.02679871137095812	0	71	21.0	59.0	4.0	25.0
3	291	Elf3	0.03793103448275862	0.0025056675814341964	0.041379310344827586	0.024937358310464147	0	71	22.0	44.0	9.0	20.0
3	291	Tcf15	0.013793103448275862	0.0008113590263691683	0.027586206896551724	0.012611860159885456	2	59	48.0	70.0	14.0	12.0
3	274	Sox1	0.018315018315018316	0.00028280542986425336	0.021978021978021976	0.0031512605042016808	2	51	107.0	76.0	18.0	15.0
3	274	Zic5	0.07326007326007326	0.0053733031674208145	0.11355311355311355	0.048790670114199526	2	51	4.0	2.0	2.0	2.0
3	274	Ascl2	0.05860805860805861	0.003460999784529196	0.05860805860805861	0.021708683473389355	1	60	31.0	19.0	2.0	4.0
3	274	Hand1	0.021978021978021976	0.001656431803490627	0.02564102564102564	0.0392156862745098	1	60	9.0	69.0	14.0	25.0
3	274	Elf3	0.03663003663003663	0.0021816418875242405	0.040293040293040296	0.02141241111829347	1	60	32.0	41.0	9.0	16.0
3	274	Tcf15	0.010989010989010988	0.0009965524671407024	0.018315018315018316	0.004861560008618832	0	74	81.0	85.0	24.0	22.0
3	247	Sox1	0.016260162601626018	0.00024888003982080636	0.024390243902439025	0.00433051269288203	1	56	87.0	68.0	22.0	17.0
3	247	Zic5	0.08536585365853659	0.007798241247718599	0.10975609756097562	0.06431060228969636	1	56	4.0	2.0	1.0	2.0
3	247	Ascl2	0.05691056910569106	0.003401360544217687	0.05691056910569106	0.007897793263646922	0	56	69.0	16.0	2.0	4.0
3	247	Hand1	0.012195121951219513	0.000431392069022731	0.016260162601626018	0.024788451966152314	0	56	30.0	86.0	31.0	34.0
3	247	Elf3	0.02845528455284553	0.0030695204911232784	0.02845528455284553	0.01134892981582877	0	56	55.0	57.0	4.0	20.0
3	247	Tcf15	0.008130081300813009	0.0009291521486643438	0.012195121951219513	0.007200929152148664	2	52	71.0	101.0	18.0	21.0
3	232	Sox1	0.017316017316017316	3.764351590438547e-05	0.021645021645021644	0.00468661773009599	2	34	81.0	64.0	20.0	12.0
3	232	Zic5	0.05194805194805195	0.0034820252211556556	0.1038961038961039	0.06359872012045925	2	34	5.0	2.0	2.0	3.0
3	232	Ascl2	0.05194805194805195	0.002672689629211368	0.05194805194805195	0.011274233013363447	0	51	56.0	18.0	5.0	6.0
3	232	Hand1	0.012987012987012988	0.00030114812723508374	0.012987012987012988	0.001486918878223226	0	51	105.0	87.0	27.0	28.0
3	232	Elf3	0.021645021645021644	0.0021645021645021645	0.021645021645021644	0.014041031432335779	0	51	47.0	64.0	8.0	22.0
3	232	Tcf15	0.008658008658008658	0.0	0.012987012987012988	0.008563899868247694	6	9	64.0	87.0	9.0	2.0
3	211	Sox1	0.01904761904761905	0.0	0.02380952380952381	0.004078377762588289	3	31	85.0	53.0	31.0	11.0
3	211	Zic5	0.07142857142857144	0.0041239462292093874	0.10952380952380954	0.11838687628161312	1	41	4.0	2.0	2.0	2.0
3	211	Ascl2	0.05714285714285715	0.0023695602642971065	0.05714285714285715	0.018660287081339714	0	50	39.0	9.0	15.0	1.0
3	211	Hand1	0.014285714285714287	4.55684666210982e-05	0.014285714285714287	4.55684666210982e-05	0	50	115.0	78.0	35.0	27.0
3	211	Elf3	0.01904761904761905	0.002688539530644794	0.01904761904761905	0.01316928685349738	0	50	48.0	60.0	11.0	24.0
3	211	Tcf15	0.014285714285714287	0.0	0.014285714285714287	0.021941216678058782	6	12	33.0	78.0	12.0	2.0
3	189	Sox1	0.02127659574468085	0.0007111161679371942	0.026595744680851064	0.005347593582887701	0	48	60.0	32.0	16.0	13.0
3	189	Zic5	0.06914893617021277	0.007879167140744112	0.10638297872340426	0.08120946637842759	0	48	7.0	2.0	2.0	3.0
3	189	Ascl2	0.05319148936170213	0.005205370349300262	0.05319148936170213	0.02642507680054614	1	45	23.0	10.0	5.0	3.0
3	189	Hand1	0.015957446808510637	0.0007964501080896575	0.015957446808510637	0.0008533394015246331	1	45	87.0	70.0	22.0	22.0
3	189	Elf3	0.005319148936170213	0.001848902036636705	0.005319148936170213	0.0050631471157128235	1	45	62.0	117.0	16.0	37.0
3	189	Tcf15	0.015957446808510637	0.0	0.015957446808510637	0.0	5	6	189.0	70.0	6.0	1.0
3	167	Sox1	0.024096385542168676	0.0	0.024096385542168676	0.00982110259218693	1	31	44.0	38.0	31.0	8.0
3	167	Zic5	0.05421686746987952	0.0014603870025556773	0.0963855421686747	0.059802847754654984	4	19	11.0	2.0	2.0	1.0
3	167	Ascl2	0.042168674698795185	0.0035779481562614093	0.042168674698795185	0.03132530120481928	0	38	18.0	10.0	8.0	3.0
3	167	Hand1	0.01807228915662651	0.0	0.01807228915662651	0.0	0	38	167.0	56.0	38.0	19.0
3	167	Elf3	0.006024096385542169	0.0023731288791529756	0.006024096385542169	0.0057320189850310335	0	38	54.0	105.0	13.0	31.0
3	167	Tcf15	0.01807228915662651	0.0	0.01807228915662651	0.0	6	6	167.0	56.0	6.0	1.0
3	145	Sox1	0.027777777777777776	0.0	0.027777777777777776	0.0	1	34	145.0	27.0	34.0	7.0
3	145	Zic5	0.048611111111111105	0.009421134421134422	0.08333333333333333	0.04453185703185703	1	34	10.0	2.0	2.0	3.0
3	145	Ascl2	0.041666666666666664	0.006944444444444444	0.041666666666666664	0.03753885003885004	0	34	13.0	10.0	5.0	4.0
3	145	Hand1	0.006944444444444444	0.0	0.006944444444444444	0.0	0	34	145.0	93.0	34.0	27.0
3	145	Elf3	0.0	0.0	0.0	0.0	0	34	145.0	145.0	34.0	34.0
3	145	Tcf15	0.013888888888888888	0.0	0.013888888888888888	0.0	7	5	145.0	60.0	5.0	2.0
3	108	Sox1	0.02803738317757009	0.0	0.02803738317757009	0.0	0	28	108.0	29.0	28.0	8.0
3	108	Zic5	0.05607476635514018	0.011814494798095574	0.08411214953271028	0.06074766355140187	0	28	1.0	4.0	2.0	3.0
3	108	Ascl2	0.05607476635514018	0.004408393581378945	0.05607476635514018	0.00802327631810968	1	26	27.0	8.0	7.0	2.0
3	108	Hand1	0.009345794392523364	0.0012343502027861047	0.009345794392523364	0.001851525304179157	1	26	44.0	69.0	11.0	19.0
3	108	Elf3	0.0	0.0	0.0	0.0	1	26	108.0	108.0	26.0	26.0
3	66	Sox1	0.03076923076923077	0.0	0.03076923076923077	0.0	4	8	66.0	22.0	8.0	2.0
3	66	Zic5	0.06153846153846154	0.007932692307692307	0.13846153846153847	0.1545673076923077	0	12	1.0	3.0	1.0	1.0
4	348	Zic5	0.12103746397694523	0.0018906898102646966	0.20172910662824206	0.0078292882010961	2	79	60.0	5.0	7.0	2.0
4	348	Ascl2	0.0893371757925072	0.0033982442404757542	0.0893371757925072	0.010269693991437756	1	86	47.0	50.0	1.0	7.0
4	348	Elf3	0.09221902017291066	0.0018240575702553681	0.09510086455331411	0.006546617580916527	1	86	69.0	41.0	9.0	4.0
4	348	Sox1	0.06340057636887608	0.0013076577101830721	0.07204610951008646	0.002198863920307841	2	79	123.0	69.0	12.0	12.0
4	348	Hand1	0.08357348703170028	0.00156585764021922	0.10086455331412103	0.010719461611500725	1	86	45.0	37.0	14.0	14.0
4	348	Tcf15	0.05763688760806916	0.001399277040195899	0.09221902017291066	0.012618480451766587	0	107	32.0	45.0	22.0	13.0
4	343	Zic5	0.11403508771929824	0.001997907770403526	0.18128654970760233	0.008934849342319631	2	70	49.0	2.0	6.0	2.0
4	343	Ascl2	0.06140350877192982	0.0008917699919397713	0.06140350877192982	0.0019293100787158514	1	79	124.0	61.0	25.0	19.0
4	343	Elf3	0.07309941520467836	0.0015777469088165184	0.07602339181286549	0.010555469808440946	1	79	42.0	47.0	10.0	11.0
4	343	Sox1	0.049707602339181284	0.001286206719143901	0.05847953216374269	0.004295930441940629	2	70	88.0	68.0	9.0	13.0
4	343	Hand1	0.07309941520467836	0.002803930647733704	0.0847953216374269	0.02193411191713399	1	79	12.0	35.0	3.0	11.0
4	343	Tcf15	0.02631578947368421	0.0006002298022671537	0.06140350877192982	0.007031263397986658	3	62	61.0	61.0	19.0	10.0
4	332	Zic5	0.09365558912386707	0.0017669138515059965	0.1540785498489426	0.011983887210473313	2	69	42.0	1.0	10.0	2.0
4	332	Ascl2	0.060422960725075525	0.0011993042204522567	0.060422960725075525	0.0033507278220269157	1	76	95.0	44.0	19.0	9.0
4	332	Elf3	0.05740181268882175	0.0010070493454179255	0.060422960725075525	0.010079648448228508	1	76	51.0	44.0	24.0	12.0
4	332	Sox1	0.03323262839879154	0.0007415545179895633	0.045317220543806644	0.0037077725899478165	2	69	90.0	70.0	17.0	17.0
4	332	Hand1	0.05740181268882175	0.0028746681314657145	0.06948640483383686	0.016039549574292777	1	76	29.0	35.0	3.0	12.0
4	332	Tcf15	0.030211480362537763	0.0016387439348164424	0.04833836858006042	0.006976105465531447	0	90	65.0	66.0	14.0	14.0
4	321	Zic5	0.084375	0.001743730407523511	0.140625	0.014322100313479625	2	68	38.0	1.0	10.0	2.0
4	321	Ascl2	0.053125000000000006	0.0014890282131661443	0.053125000000000006	0.0033209247648902825	1	78	97.0	38.0	21.0	8.0
4	321	Elf3	0.05	0.0010481974921630094	0.05	0.011530172413793104	1	78	45.0	42.0	26.0	12.0
4	321	Sox1	0.028125	0.0007739028213166145	0.043750000000000004	0.007210031347962383	2	68	70.0	56.0	14.0	16.0
4	321	Hand1	0.05	0.004663009404388715	0.05625	0.01626175548589342	1	78	35.0	36.0	2.0	12.0
4	321	Tcf15	0.025	0.0035756269592476493	0.037500000000000006	0.02342280564263323	0	92	15.0	68.0	5.0	15.0
4	296	Zic5	0.0576271186440678	0.0018793958261270611	0.1152542372881356	0.013836042891732965	3	45	42.0	2.0	4.0	4.0
4	296	Ascl2	0.04745762711864407	0.001533494753833737	0.04745762711864407	0.0031938199008416926	1	70	97.0	34.0	19.0	8.0
4	296	Elf3	0.04406779661016949	0.0025711979707137094	0.04406779661016949	0.018044505937968407	1	70	35.0	44.0	9.0	12.0
4	296	Sox1	0.02711864406779661	0.0002536607863484377	0.04406779661016949	0.012867519889311658	3	45	47.0	44.0	16.0	12.0
4	296	Hand1	0.04067796610169491	0.005038625619739422	0.04406779661016949	0.01290210999654099	1	70	46.0	44.0	2.0	15.0
4	296	Tcf15	0.01694915254237288	0.0015450247895768478	0.023728813559322035	0.018459587224720398	0	84	32.0	79.0	19.0	19.0
4	267	Zic5	0.05263157894736842	0.0014186409419775854	0.11654135338345864	0.014796425024826216	4	32	44.0	1.0	3.0	2.0
4	267	Ascl2	0.03759398496240601	0.0014328273513973613	0.03759398496240601	0.0023833167825223433	0	61	101.0	44.0	18.0	13.0
4	267	Elf3	0.04887218045112782	0.003333806213647326	0.04887218045112782	0.030585898709036743	0	61	26.0	23.0	4.0	6.0
4	267	Sox1	0.02631578947368421	0.0002837281883955171	0.041353383458646614	0.005192225847637962	4	32	78.0	33.0	11.0	11.0
4	267	Hand1	0.03759398496240601	0.004057313094055894	0.03759398496240601	0.04044545325578096	0	61	14.0	44.0	3.0	13.0
4	267	Tcf15	0.0037593984962406013	0.0007235068804085686	0.022556390977443608	0.03170662505319903	3	41	25.0	71.0	12.0	30.0
4	247	Zic5	0.04471544715447155	0.002074000331840053	0.0975609756097561	0.024357059897129583	3	34	30.0	1.0	3.0	3.0
4	247	Ascl2	0.032520325203252036	0.0022896963663514183	0.032520325203252036	0.0030695204911232784	0	58	88.0	40.0	15.0	14.0
4	247	Elf3	0.04065040650406505	0.00391571262651402	0.04065040650406505	0.057640617222498754	0	58	11.0	23.0	6.0	7.0
4	247	Sox1	0.02845528455284553	0.0006636801061888169	0.032520325203252036	0.001410320225651236	3	34	107.0	40.0	10.0	10.0
4	247	Hand1	0.032520325203252036	0.0037829766052762566	0.03658536585365854	0.062153641944582706	0	58	8.0	29.0	8.0	14.0
4	247	Tcf15	0.016260162601626018	0.0032520325203252032	0.020325203252032523	0.08322548531607765	1	52	4.0	71.0	4.0	11.0
4	217	Zic5	0.05555555555555555	0.004306632213608957	0.08333333333333333	0.028208440999138672	1	38	31.0	1.0	3.0	2.0
4	217	Ascl2	0.027777777777777776	0.002583979328165375	0.027777777777777776	0.004457364341085271	0	51	91.0	37.0	13.0	13.0
4	217	Elf3	0.037037037037037035	0.006029285099052541	0.037037037037037035	0.1287898363479759	0	51	3.0	20.0	4.0	6.0
4	217	Sox1	0.018518518518518517	0.00047372954349698536	0.023148148148148147	0.00030146425495262703	1	38	107.0	53.0	13.0	10.0
4	217	Hand1	0.027777777777777776	0.004478897502153316	0.032407407407407406	0.021791559000861327	0	51	40.0	28.0	5.0	13.0
4	217	Tcf15	0.004629629629629629	0.00012919896640826872	0.009259259259259259	0.15676141257536605	5	23	2.0	99.0	12.0	17.0
4	197	Zic5	0.06632653061224489	0.0071166928309785455	0.09183673469387754	0.028100470957613814	0	41	8.0	1.0	2.0	1.0
4	197	Ascl2	0.030612244897959183	0.004945054945054945	0.030612244897959183	0.007221350078492936	1	40	37.0	21.0	2.0	6.0
4	197	Elf3	0.02551020408163265	0.0030873888016745158	0.02551020408163265	0.007509157509157509	1	40	35.0	34.0	7.0	10.0
4	197	Sox1	0.02040816326530612	0.0008895866038723182	0.02551020408163265	0.0010465724751439038	0	41	77.0	34.0	14.0	10.0
4	197	Hand1	0.015306122448979591	0.0014913657770800628	0.02551020408163265	0.015306122448979591	4	16	22.0	34.0	2.0	4.0
4	197	Tcf15	0.00510204081632653	0.0003139717425431711	0.01020408163265306	0.013710099424385138	5	15	24.0	78.0	2.0	9.0
4	126	Zic5	0.08	0.00735483870967742	0.136	0.061612903225806454	1	29	1.0	1.0	2.0	1.0
4	126	Sox1	0.024	0.00012903225806451613	0.024	0.0011612903225806453	1	29	40.0	30.0	12.0	8.0
4	126	Tcf15	0.008	0.00025806451612903227	0.016	0.01135483870967742	7	5	23.0	42.0	1.0	4.0
4	75	Zic5	0.06756756756756757	0.0074046649389115145	0.1891891891891892	0.06312476860422066	0	16	1.0	1.0	2.0	3.0
4	75	Sox1	0.04054054054054054	0.0007404664938911515	0.04054054054054054	0.0011106997408367272	0	16	25.0	16.0	7.0	6.0
4	75	Tcf15	0.013513513513513514	0.0	0.02702702702702703	0.0	7	3	75.0	23.0	3.0	2.0
4	55	Zic5	0.12962962962962962	0.0041928721174004195	0.2037037037037037	0.045422781271837874	0	14	2.0	1.0	1.0	1.0
4	55	Sox1	0.0	0.0	0.0	0.0	0	14	55.0	55.0	14.0	14.0
4	39	Zic5	0.07894736842105263	0.008534850640113799	0.23684210526315788	0.07112375533428165	1	8	1.0	1.0	1.0	1.0
4	39	Sox1	0.0	0.0	0.0	0.0	1	8	39.0	39.0	8.0	8.0
4	31	Zic5	0.1	0.013793103448275862	0.23333333333333334	0.08390804597701149	1	8	1.0	1.0	1.0	1.0
4	31	Sox1	0.0	0.0	0.0	0.0	1	8	31.0	31.0	8.0	8.0
4	22	Zic5	0.047619047619047616	0.0071428571428571435	0.14285714285714285	0.1	2	5	1.0	3.0	1.0	4.0
4	22	Sox1	0.0	0.0	0.0	0.0	2	5	22.0	22.0	5.0	5.0
4	15	Zic5	0.14285714285714285	0.01098901098901099	0.21428571428571427	0.07142857142857144	2	4	1.0	2.0	1.0	1.0
4	15	Sox1	0.0	0.0	0.0	0.0	2	4	15.0	15.0	4.0	4.0
4	8	Zic5	0.2857142857142857	0.09523809523809523	0.2857142857142857	0.14285714285714285	0	5	1.0	2.0	1.0	1.0
4	8	Sox1	0.0	0.0	0.0	0.0	0	5	8.0	8.0	5.0	5.0
4	5	Zic5	0.25	0.08333333333333333	0.25	0.08333333333333333	0	3	2.0	4.0	1.0	2.0
4	5	Zic5	0.25	0.08333333333333333	0.25	0.08333333333333333	0	3	2.0	4.0	1.0	2.0
4	4	Zic5	0.3333333333333333	0.0	0.3333333333333333	0.0	1	2	4.0	3.0	2.0	1.0
5	365	Zic5	0.20604395604395606	0.004313867950231587	0.24725274725274726	0.01250264886628523	1	121	28.0	4.0	5.0	1.0
5	365	Elf3	0.07417582417582418	0.0005827505827505828	0.08791208791208792	0.006508642872279236	2	80	70.0	75.0	27.0	21.0
5	365	Ascl2	0.1043956043956044	0.0017936608845699755	0.10714285714285715	0.006614597523688433	2	80	69.0	52.0	4.0	7.0
5	365	Sox1	0.1098901098901099	0.001627160718069809	0.11263736263736264	0.002883480156207429	1	121	109.0	44.0	19.0	17.0
5	365	Hand1	0.057692307692307696	0.0012411830593648775	0.08791208791208792	0.009815941634123452	2	80	47.0	75.0	8.0	28.0
5	365	Tcf15	0.10714285714285715	0.00502527775255048	0.14560439560439561	0.019866497139224414	0	164	10.0	28.0	11.0	10.0
5	356	Zic5	0.2084507042253521	0.005975968807193442	0.22816901408450704	0.014458502426991326	1	137	23.0	1.0	3.0	1.0
5	356	Elf3	0.06760563380281691	0.001623299116734304	0.08169014084507042	0.01707647012015596	2	78	16.0	63.0	7.0	19.0
5	356	Ascl2	0.09577464788732395	0.0026577544362218508	0.09577464788732395	0.009119121508713296	2	78	51.0	40.0	2.0	5.0
5	356	Sox1	0.07887323943661972	0.0016392138139571892	0.08169014084507042	0.0028009867112278185	1	137	107.0	63.0	24.0	23.0
5	356	Hand1	0.04788732394366198	0.001002625925041776	0.0647887323943662	0.013941274767247552	2	78	25.0	83.0	14.0	27.0
5	356	Tcf15	0.09295774647887324	0.00492559879048301	0.12112676056338029	0.018166626879923608	0	141	15.0	28.0	8.0	7.0
5	346	Zic5	0.17971014492753623	0.004710144927536232	0.2	0.010456690259521404	0	129	46.0	1.0	7.0	1.0
5	346	Elf3	0.057971014492753624	0.0017694641051567241	0.06956521739130435	0.00977418267610381	2	76	50.0	57.0	7.0	19.0
5	346	Ascl2	0.08985507246376812	0.0025867880013481634	0.08985507246376812	0.00813953488372093	2	76	57.0	32.0	2.0	4.0
5	346	Sox1	0.06956521739130435	0.0017104819683181666	0.06956521739130435	0.003370407819346141	0	129	106.0	57.0	23.0	20.0
5	346	Hand1	0.04057971014492753	0.0009184361307718235	0.052173913043478265	0.010793731041456017	2	76	44.0	84.0	20.0	29.0
5	346	Tcf15	0.06086956521739131	0.0037832827772160435	0.08405797101449275	0.016026289180990902	1	122	20.0	38.0	8.0	10.0
5	335	Zic5	0.17065868263473055	0.005808203412993832	0.17365269461077845	0.014493535451619285	0	122	31.0	1.0	4.0	1.0
5	335	Elf3	0.05089820359281438	0.0013126899354444265	0.062874251497006	0.0059520598442754135	2	71	76.0	52.0	14.0	18.0
5	335	Ascl2	0.08083832335329341	0.0019240797683911458	0.08083832335329341	0.006500512488536441	2	71	71.0	29.0	7.0	4.0
5	335	Sox1	0.062874251497006	0.002580424736113359	0.0658682634730539	0.006122889356422291	0	122	74.0	44.0	16.0	18.0
5	335	Hand1	0.029940119760479042	0.0014205822589056123	0.035928143712574856	0.009341677006347665	2	71	50.0	95.0	11.0	30.0
5	335	Tcf15	0.038922155688622756	0.003155850461239683	0.059880239520958084	0.009791228354102606	1	115	47.0	54.0	13.0	13.0
5	330	Zic5	0.09422492401215805	0.0035862554674178965	0.14285714285714285	0.019590036325895177	2	71	23.0	1.0	4.0	1.0
5	330	Elf3	0.0425531914893617	0.0017421602787456448	0.057750759878419454	0.015355104158944326	3	69	33.0	41.0	9.0	18.0
5	330	Ascl2	0.0668693009118541	0.001723626658758989	0.0668693009118541	0.005272814886203574	3	69	83.0	32.0	10.0	6.0
5	330	Sox1	0.03951367781155015	0.0006764771295129365	0.05167173252279635	0.004123730447030915	2	71	94.0	47.0	19.0	8.0
5	330	Hand1	0.0243161094224924	0.001352954259025873	0.02735562310030395	0.013103269330565647	3	69	43.0	93.0	17.0	27.0
5	330	Tcf15	0.030395136778115502	0.0013714878790125288	0.0486322188449848	0.00885907035362147	0	98	59.0	54.0	21.0	13.0
5	313	Zic5	0.09935897435897435	0.004493363014263336	0.1282051282051282	0.022363756286585868	1	69	22.0	1.0	3.0	1.0
5	313	Elf3	0.038461538461538464	0.002906257729408855	0.05128205128205128	0.030505400280319894	2	62	10.0	38.0	2.0	17.0
5	313	Ascl2	0.0641025641025641	0.001370681836919779	0.0641025641025641	0.0021333168439277763	2	62	116.0	22.0	16.0	2.0
5	313	Sox1	0.035256410256410256	0.0013191524445543739	0.04487179487179487	0.0052766097782174955	1	69	81.0	45.0	12.0	11.0
5	313	Hand1	0.022435897435897436	0.0005668233160194575	0.02564102564102564	0.01587105284854481	2	62	38.0	78.0	24.0	27.0
5	313	Tcf15	0.028846153846153844	0.0040192926045016075	0.035256410256410256	0.015551570615879298	0	104	40.0	61.0	11.0	11.0
5	284	Zic5	0.0812720848056537	0.00270656341628449	0.12014134275618374	0.023406761396386238	1	59	24.0	1.0	5.0	1.0
5	284	Elf3	0.0176678445229682	0.0010149612811066837	0.03180212014134275	0.043154650026313815	2	52	8.0	57.0	16.0	25.0
5	284	Ascl2	0.06007067137809187	0.0007768839435631406	0.06007067137809187	0.0022178783550109017	2	52	112.0	18.0	18.0	2.0
5	284	Sox1	0.0353356890459364	0.0023306518306894218	0.04240282685512367	0.00795679522842894	1	59	72.0	41.0	9.0	9.0
5	284	Hand1	0.014134275618374558	0.00046362428890058395	0.0176678445229682	0.0032077788637445807	2	52	104.0	97.0	25.0	30.0
5	284	Tcf15	0.028268551236749116	0.0018920883141618425	0.03180212014134275	0.019484750520011026	3	50	31.0	57.0	8.0	6.0
5	253	Zic5	0.09126984126984126	0.005691519635742743	0.12301587301587301	0.019335356984759373	0	59	36.0	1.0	3.0	1.0
5	253	Elf3	0.01984126984126984	0.0017074558907228228	0.023809523809523808	0.04395117940934674	3	52	10.0	69.0	15.0	23.0
5	253	Ascl2	0.05555555555555555	0.0019604123189780557	0.05555555555555555	0.003430721558211598	3	52	98.0	18.0	11.0	2.0
5	253	Sox1	0.027777777777777776	0.002260798077531145	0.03571428571428571	0.011446278378549293	0	59	54.0	43.0	11.0	11.0
5	253	Hand1	0.007936507936507936	0.00023714665148928096	0.011904761904761904	0.003193574906722317	3	52	102.0	103.0	31.0	35.0
5	253	Tcf15	0.023809523809523808	0.002466325175488522	0.027777777777777776	0.02305065452475811	1	59	31.0	53.0	10.0	7.0
5	231	Zic5	0.09565217391304348	0.0066071767609644965	0.10869565217391304	0.028574140877159676	0	64	33.0	1.0	5.0	1.0
5	231	Elf3	0.008695652173913044	0.0006265426238845644	0.013043478260869566	0.02747294475033226	1	42	35.0	92.0	22.0	25.0
5	231	Ascl2	0.052173913043478265	0.0017657110309474086	0.052173913043478265	0.01152458705145244	1	42	61.0	13.0	6.0	3.0
5	231	Sox1	0.026086956521739132	0.002715018036833112	0.034782608695652174	0.011068919688627303	0	64	64.0	36.0	13.0	13.0
5	231	Hand1	0.004347826086956522	9.493070058857035e-05	0.013043478260869566	0.010480349344978166	1	42	69.0	92.0	29.0	35.0
5	231	Tcf15	0.008695652173913044	0.00036073666223656735	0.017391304347826087	0.004119992405543953	3	30	94.0	75.0	11.0	15.0
5	201	Zic5	0.07	0.008944723618090452	0.1	0.05972361809045226	1	50	15.0	1.0	1.0	1.0
5	201	Elf3	0.005	0.0	0.01	0.007110552763819096	2	35	75.0	97.0	35.0	30.0
5	201	Ascl2	0.04	0.0032160804020100503	0.045	0.011884422110552764	2	35	58.0	14.0	2.0	6.0
5	201	Sox1	0.015	0.0014824120603015075	0.02	0.009522613065326634	1	50	66.0	59.0	13.0	16.0
5	201	Hand1	0.01	0.0	0.015	0.017814070351758794	4	29	45.0	79.0	29.0	10.0
5	201	Tcf15	0.015	0.0016080402010050252	0.02	0.010050251256281407	3	33	64.0	59.0	7.0	9.0
5	173	Zic5	0.08139534883720931	0.00465796273629811	0.0872093023255814	0.03158574731402149	1	30	3.0	1.0	1.0	1.0
5	173	Elf3	0.005813953488372093	0.0008159934720522236	0.011627906976744186	0.004351965184278526	0	35	55.0	80.0	18.0	27.0
5	173	Ascl2	0.03488372093023256	0.00414796681626547	0.03488372093023256	0.004419964640282878	0	35	54.0	24.0	2.0	11.0
5	173	Sox1	0.005813953488372093	0.0	0.023255813953488372	0.0024479804161566705	1	30	75.0	42.0	30.0	16.0
5	173	Hand1	0.0	0.0	0.005813953488372093	0.005337957296341629	0	35	49.0	124.0	35.0	35.0
5	173	Tcf15	0.005813953488372093	6.799945600435197e-05	0.011627906976744186	0.001699986400108799	8	8	81.0	80.0	3.0	5.0
5	109	Zic5	0.08333333333333333	0.00761509172724126	0.09259259259259259	0.06697819314641745	0	30	1.0	1.0	5.0	1.0
5	109	Sox1	0.009259259259259259	0.0	0.027777777777777776	0.004240221529941157	0	30	35.0	29.0	30.0	16.0
5	109	Tcf15	0.018518518518518517	0.0006057459328487366	0.018518518518518517	0.0006057459328487366	1	23	52.0	44.0	10.0	8.0
5	92	Zic5	0.06593406593406594	0.004151404151404151	0.09890109890109891	0.09206349206349207	0	20	1.0	1.0	5.0	2.0
5	92	Sox1	0.03296703296703297	0.0	0.03296703296703297	0.006837606837606838	1	16	26.0	19.0	16.0	6.0
5	92	Tcf15	0.02197802197802198	0.0002442002442002442	0.02197802197802198	0.0002442002442002442	6	7	43.0	34.0	1.0	2.0
5	62	Zic5	0.0819672131147541	0.002185792349726776	0.11475409836065574	0.130327868852459	1	16	1.0	2.0	8.0	2.0
5	62	Sox1	0.04918032786885246	0.0	0.04918032786885246	0.023770491803278688	0	17	13.0	13.0	17.0	4.0
5	49	Zic5	0.0625	0.0	0.125	0.08421985815602837	4	6	2.0	1.0	6.0	1.0
5	49	Sox1	0.020833333333333332	0.0	0.020833333333333332	0.01551418439716312	1	7	14.0	35.0	7.0	5.0
5	41	Zic5	0.125	0.004487179487179487	0.125	0.04807692307692308	0	9	3.0	2.0	1.0	1.0
5	41	Sox1	0.0	0.0	0.0	0.0	0	9	41.0	41.0	9.0	9.0
5	21	Zic5	0.2	0.013157894736842105	0.2	0.07894736842105263	0	7	2.0	2.0	1.0	1.0
5	21	Sox1	0.0	0.0	0.0	0.0	0	7	21.0	21.0	7.0	7.0
5	16	Zic5	0.2	0.014285714285714287	0.2	0.04285714285714286	1	5	1.0	3.0	1.0	1.0
5	16	Sox1	0.0	0.0	0.0	0.0	1	5	16.0	16.0	5.0	5.0
5	8	Zic5	0.2857142857142857	0.09523809523809523	0.42857142857142855	0.14285714285714285	0	5	1.0	1.0	1.0	1.0
5	8	Sox1	0.0	0.0	0.0	0.0	0	5	8.0	8.0	5.0	5.0
5	5	Zic5	0.25	0.16666666666666666	0.5	0.3333333333333333	0	4	1.0	1.0	1.0	3.0
5	5	Sox1	0.0	0.0	0.0	0.0	1	1	5.0	5.0	1.0	1.0
