run	nodes	geneid	local_outdegree_centrality	local_betweenness_centrality	outdegree_centrality	betweenness_centrality	community	community_size	rank_betweenness	rank_outdegree	rank_local_betweenness	rank_local_outdegree
1	654	Tlx2	0.06891271056661562	0.0017850599874106295	0.10107197549770292	0.0308510038613666	2	160	4.0	10.0	8.0	4.0
1	654	Shox2	0.10260336906584992	0.001026409492761112	0.14548238897396631	0.01619941938575146	1	170	29.0	3.0	20.0	3.0
1	654	Phox2b	0.09800918836140889	0.0018696154604985013	0.1546707503828484	0.04113623765724969	1	170	2.0	2.0	8.0	5.0
1	654	Pou3f1	0.05819295558958652	0.001402211595373876	0.05972434915773354	0.006879527240954913	0	180	74.0	56.0	18.0	12.0
1	654	Tbx18	0.030627871362940276	0.00023017878785031802	0.030627871362940276	0.001120360018414303	3	85	280.0	155.0	26.0	24.0
1	654	Foxa3	0.06891271056661562	0.0019095444339011075	0.0781010719754977	0.014090230084837323	0	180	34.0	28.0	10.0	7.0
1	633	Tlx2	0.06645569620253164	0.001336536339746033	0.09968354430379747	0.03499568697466349	2	124	5.0	5.0	8.0	3.0
1	633	Shox2	0.09177215189873418	0.0008751429316535939	0.12025316455696203	0.009192762141667837	1	157	69.0	2.0	22.0	1.0
1	633	Phox2b	0.08386075949367089	0.0018104676121888103	0.15031645569620253	0.06468534975626392	1	157	1.0	1.0	10.0	5.0
1	633	Pou3f1	0.04588607594936709	0.0010782563341290698	0.04746835443037974	0.0038441092098136375	0	169	156.0	66.0	23.0	15.0
1	633	Tbx18	0.02373417721518987	0.0002332042769162872	0.02373417721518987	0.003345102208670184	3	84	172.0	157.0	34.0	24.0
1	633	Foxa3	0.055379746835443035	0.002083793055026179	0.060126582278481014	0.017392525426788902	0	169	31.0	34.0	9.0	7.0
1	614	Tlx2	0.06525285481239805	0.0018712215718261205	0.09135399673735727	0.020175606947509837	0	135	26.0	4.0	6.0	1.0
1	614	Shox2	0.07993474714518761	0.0011275309471259955	0.10929853181076672	0.014111462964740001	1	122	38.0	2.0	10.0	1.0
1	614	Phox2b	0.0734094616639478	0.0013007922037765623	0.12887438825448613	0.06856081203552655	1	122	2.0	1.0	7.0	2.0
1	614	Pou3f1	0.026101141924959218	0.00023190352813229697	0.04567699836867863	0.013117209907345212	4	79	46.0	44.0	20.0	9.0
1	614	Tbx18	0.016313213703099513	0.000413161458166736	0.016313213703099513	0.007332949493010907	3	81	85.0	172.0	19.0	29.0
1	614	Foxa3	0.04404567699836868	0.0023643497638315795	0.04730831973898858	0.01807248184755142	2	120	30.0	40.0	3.0	5.0
1	581	Tlx2	0.06034482758620689	0.001965338574236198	0.08103448275862069	0.03922339348460485	0	125	8.0	4.0	7.0	2.0
1	581	Shox2	0.07241379310344828	0.0009945804299922578	0.10172413793103448	0.027979274611398965	3	86	14.0	2.0	6.0	1.0
1	581	Phox2b	0.06034482758620689	0.0012030254302900364	0.11206896551724138	0.04745101542493002	3	86	5.0	1.0	3.0	2.0
1	581	Pou3f1	0.02586206896551724	0.00010422250014888928	0.041379310344827586	0.013950926091358467	5	70	52.0	39.0	20.0	8.0
1	581	Tbx18	0.013793103448275862	0.0007712465011017808	0.013793103448275862	0.019817163956881663	4	77	35.0	165.0	9.0	29.0
1	581	Foxa3	0.03103448275862069	0.0018849383598356262	0.03275862068965517	0.02248823774641177	1	110	27.0	65.0	5.0	8.0
1	549	Tlx2	0.05291970802919708	0.002632140807857057	0.07664233576642336	0.031192036189434072	0	128	20.0	3.0	5.0	2.0
1	549	Shox2	0.06386861313868612	0.002004964037417099	0.09306569343065693	0.02500700569796768	1	107	27.0	2.0	3.0	2.0
1	549	Phox2b	0.06934306569343066	0.002929048959820654	0.10583941605839416	0.06261092355115494	1	107	5.0	1.0	2.0	1.0
1	549	Pou3f1	0.025547445255474453	8.006511963063291e-05	0.032846715328467155	0.00617835839816384	5	37	110.0	41.0	12.0	5.0
1	549	Tbx18	0.009124087591240875	0.000934093062357384	0.009124087591240875	0.0341110770093009	4	78	14.0	190.0	10.0	31.0
1	549	Foxa3	0.027372262773722626	0.0021250617168630487	0.029197080291970802	0.021367378801425158	2	101	30.0	55.0	7.0	8.0
1	511	Tlx2	0.060784313725490195	0.003074078354327979	0.07058823529411765	0.035055279479178705	1	96	22.0	6.0	2.0	2.0
1	511	Shox2	0.058823529411764705	0.0020262721984668133	0.0784313725490196	0.030394082977002197	3	79	27.0	2.0	1.0	1.0
1	511	Phox2b	0.056862745098039215	0.0011595207827728342	0.09411764705882353	0.06635848838553103	3	79	9.0	1.0	5.0	2.0
1	511	Pou3f1	0.023529411764705882	7.704457028390925e-05	0.027450980392156862	0.0015216302631072076	1	96	200.0	42.0	42.0	16.0
1	511	Tbx18	0.0058823529411764705	0.001232713124542548	0.0058823529411764705	0.010894102238144767	5	69	62.0	207.0	6.0	32.0
1	511	Foxa3	0.01764705882352941	0.002299780422974691	0.01764705882352941	0.0139219538503024	0	98	54.0	89.0	7.0	12.0
1	457	Tlx2	0.05921052631578947	0.004183535762483131	0.06578947368421052	0.07972816657027185	1	88	6.0	5.0	2.0	2.0
1	457	Shox2	0.05482456140350877	0.0024098708309234626	0.07236842105263158	0.03710719105455948	3	69	22.0	3.0	1.0	2.0
1	457	Phox2b	0.05043859649122807	0.0013013302486986698	0.08552631578947367	0.09255349913244651	3	69	3.0	1.0	2.0	3.0
1	457	Pou3f1	0.019736842105263157	0.00011085405822247928	0.02412280701754386	0.008714092924619242	1	88	84.0	44.0	44.0	18.0
1	457	Tbx18	0.0043859649122807015	0.001870059764796607	0.0043859649122807015	0.021394833236938502	5	63	42.0	222.0	3.0	37.0
1	457	Foxa3	0.017543859649122806	0.002593021014073646	0.017543859649122806	0.014488143435511858	0	91	58.0	77.0	5.0	11.0
1	413	Tlx2	0.03398058252427184	0.0004488224316726903	0.06310679611650485	0.08270734415231615	6	38	2.0	4.0	6.0	2.0
1	413	Shox2	0.046116504854368925	0.0028582902227576594	0.058252427184466014	0.0460574492712541	1	66	10.0	5.0	1.0	3.0
1	413	Phox2b	0.050970873786407765	0.00187796754305152	0.08252427184466019	0.12775494295230672	1	66	1.0	1.0	2.0	2.0
1	413	Pou3f1	0.019417475728155338	1.77166749344483e-05	0.021844660194174755	0.005019724564760352	5	47	93.0	40.0	26.0	7.0
1	413	Tbx18	0.0048543689320388345	0.0017067063520185197	0.0048543689320388345	0.015041457019346609	2	57	44.0	189.0	6.0	29.0
1	413	Foxa3	0.01699029126213592	0.0004665391066071386	0.019417475728155338	0.009124087591240875	7	31	68.0	52.0	2.0	1.0
1	366	Tlx2	0.038356164383561646	0.0007451452656932109	0.07123287671232877	0.06846304380550956	6	34	4.0	3.0	3.0	1.0
1	366	Shox2	0.03287671232876713	0.002054794520547945	0.043835616438356165	0.053198855938581965	1	49	6.0	10.0	1.0	4.0
1	366	Phox2b	0.043835616438356165	0.0016408249284961614	0.07397260273972603	0.13622610266445884	1	49	1.0	1.0	2.0	2.0
1	366	Pou3f1	0.019178082191780823	6.774047869938281e-05	0.021917808219178082	0.0020096342014150233	2	45	125.0	31.0	22.0	7.0
1	366	Tbx18	0.005479452054794521	0.0011666415776004817	0.005479452054794521	0.005291284058407346	0	53	89.0	164.0	7.0	21.0
1	366	Foxa3	0.008219178082191782	0.0001505343971097396	0.010958904109589041	0.008279391841035677	8	17	66.0	96.0	4.0	5.0
1	324	Tlx2	0.043343653250773995	0.001326846528084918	0.061919504643962855	0.020643039824625502	6	31	25.0	4.0	1.0	1.0
1	324	Shox2	0.030959752321981428	0.002057573601522989	0.043343653250773995	0.04866065419302732	3	42	8.0	9.0	2.0	5.0
1	324	Phox2b	0.03405572755417957	0.0006826529238697766	0.061919504643962855	0.05346806914985674	3	42	6.0	4.0	7.0	3.0
1	324	Pou3f1	0.018575851393188854	0.00018268176835951772	0.021671826625386997	0.002403707478414707	2	42	93.0	30.0	17.0	6.0
1	324	Tbx18	0.0030959752321981426	0.0010576312905024709	0.0030959752321981426	0.0010576312905024709	0	49	117.0	218.0	4.0	36.0
1	324	Foxa3	0.006191950464396285	0.00013460761879122358	0.009287925696594427	0.011489721746822298	8	15	43.0	101.0	5.0	6.0
1	217	Tlx2	0.046296296296296294	0.0009905254091300603	0.07870370370370369	0.04631782945736434	4	23	16.0	3.0	5.0	2.0
1	217	Shox2	0.037037037037037035	0.0021533161068044786	0.05092592592592592	0.09836347975882859	1	40	5.0	11.0	7.0	5.0
1	217	Phox2b	0.05092592592592592	0.002734711455641688	0.08796296296296297	0.0952411714039621	1	40	6.0	1.0	4.0	2.0
1	217	Pou3f1	0.023148148148148147	0.00027993109388458226	0.027777777777777776	0.012316968130921618	2	30	50.0	28.0	14.0	7.0
1	186	Tlx2	0.05405405405405406	0.0017332549941245594	0.07567567567567568	0.04694477085781434	3	22	8.0	4.0	3.0	1.0
1	186	Shox2	0.043243243243243246	0.003143360752056404	0.05405405405405406	0.013425381903642774	0	41	22.0	9.0	5.0	3.0
1	186	Phox2b	0.05945945945945946	0.006580493537015276	0.08108108108108109	0.06321974148061105	0	41	4.0	3.0	2.0	2.0
1	186	Pou3f1	0.02702702702702703	0.0023207990599294947	0.02702702702702703	0.046562867215041125	1	35	9.0	27.0	7.0	5.0
1	163	Tlx2	0.05555555555555555	0.003067249444061038	0.08024691358024691	0.057012499041484546	3	21	4.0	2.0	1.0	1.0
1	163	Shox2	0.030864197530864196	0.001571965340081282	0.037037037037037035	0.029407254044935202	0	32	13.0	16.0	10.0	6.0
1	163	Phox2b	0.04938271604938271	0.005099302200751475	0.06790123456790123	0.02515144544130051	0	32	16.0	5.0	3.0	2.0
1	163	Pou3f1	0.018518518518518517	0.0007284717429644965	0.018518518518518517	0.03765048692584924	2	28	10.0	47.0	8.0	8.0
1	135	Tlx2	0.05970149253731343	0.0010099876557064303	0.08208955223880597	0.07518796992481204	4	17	2.0	2.0	7.0	1.0
1	135	Shox2	0.014925373134328358	0.0020199753114128606	0.029850746268656716	0.0335540343395803	1	22	15.0	21.0	7.0	8.0
1	135	Phox2b	0.03731343283582089	0.0056110425317023906	0.05223880597014925	0.035237347099091015	1	22	13.0	8.0	2.0	3.0
1	135	Pou3f1	0.022388059701492536	0.0006733251038042869	0.022388059701492536	0.033946807316799464	3	19	14.0	38.0	5.0	6.0
1	94	Tlx2	0.07526881720430108	0.0022206638616175784	0.08602150537634409	0.04523141654978963	3	16	9.0	4.0	6.0	1.0
1	94	Shox2	0.021505376344086023	0.0009350163627863488	0.043010752688172046	0.09209911173445536	5	8	1.0	17.0	2.0	3.0
1	94	Phox2b	0.03225806451612903	0.0016362786348761104	0.05376344086021506	0.060892940626460966	1	17	6.0	13.0	3.0	3.0
1	94	Pou3f1	0.03225806451612903	0.0012856474988312296	0.03225806451612903	0.003506311360448808	0	20	32.0	26.0	4.0	7.0
1	81	Tlx2	0.08750000000000001	0.0030063291139240506	0.1	0.04667721518987342	3	13	3.0	3.0	4.0	1.0
1	81	Shox2	0.0125	0.0012658227848101266	0.025	0.009968354430379746	4	8	17.0	33.0	2.0	6.0
1	81	Phox2b	0.037500000000000006	0.00189873417721519	0.05	0.033860759493670886	1	15	6.0	12.0	3.0	2.0
1	81	Pou3f1	0.037500000000000006	0.001740506329113924	0.037500000000000006	0.004588607594936709	0	16	27.0	23.0	4.0	6.0
1	67	Tlx2	0.07575757575757576	0.0034965034965034965	0.07575757575757576	0.03076923076923077	2	13	2.0	5.0	5.0	1.0
1	67	Shox2	0.015151515151515152	0.0006993006993006993	0.030303030303030304	0.0048951048951048955	5	5	21.0	29.0	2.0	4.0
1	67	Phox2b	0.045454545454545456	0.0034965034965034965	0.045454545454545456	0.009557109557109558	0	15	12.0	16.0	3.0	2.0
1	67	Pou3f1	0.045454545454545456	0.002564102564102564	0.045454545454545456	0.006293706293706293	1	14	19.0	16.0	4.0	5.0
1	29	Tlx2	0.10714285714285714	0.009259259259259259	0.14285714285714285	0.12169312169312169	3	5	2.0	3.0	1.0	1.0
1	29	Pou3f1	0.03571428571428571	0.0	0.07142857142857142	0.0	2	6	29.0	13.0	6.0	3.0
1	27	Tlx2	0.11538461538461539	0.007692307692307693	0.15384615384615385	0.08923076923076922	3	5	2.0	3.0	1.0	1.0
1	27	Pou3f1	0.07692307692307693	0.0	0.07692307692307693	0.0	0	10	27.0	10.0	10.0	5.0
1	24	Tlx2	0.08695652173913043	0.009881422924901184	0.13043478260869565	0.08102766798418971	0	8	2.0	4.0	2.0	3.0
1	24	Pou3f1	0.043478260869565216	0.0	0.08695652173913043	0.0	3	5	24.0	8.0	5.0	3.0
2	648	Tlx2	0.0571870170015456	0.0012704504237227307	0.09273570324574962	0.028294438250367256	1	137	12.0	9.0	11.0	5.0
2	648	Phox2b	0.11128284389489954	0.0036582273029605564	0.1499227202472952	0.03764935568305253	0	187	6.0	1.0	3.0	1.0
2	648	Shox2	0.09428129829984544	0.004191768629684038	0.125193199381762	0.02176274398151028	0	187	16.0	3.0	2.0	5.0
2	648	Foxa3	0.0633693972179289	0.0026342107655719896	0.07264296754250386	0.020815289428225532	2	136	19.0	23.0	4.0	2.0
2	648	Pou3f1	0.02936630602782071	1.9140496025954512e-05	0.0571870170015456	0.0031127231662208526	5	48	171.0	43.0	22.0	7.0
2	648	Tbx18	0.03400309119010819	0.00032060330843473807	0.03400309119010819	0.0017992066264397241	3	80	221.0	124.0	21.0	11.0
2	624	Tlx2	0.04654895666131621	0.0009367596888822367	0.07704654895666131	0.03987035039457454	1	134	6.0	11.0	20.0	4.0
2	624	Phox2b	0.08828250401284109	0.003184466821158898	0.1348314606741573	0.05641977156482739	0	152	2.0	1.0	3.0	1.0
2	624	Shox2	0.0754414125200642	0.002691571227284223	0.11075441412520064	0.023044804467543728	0	152	20.0	3.0	4.0	5.0
2	624	Foxa3	0.051364365971107544	0.0035586545756710864	0.056179775280898875	0.038980041599355884	2	131	7.0	28.0	2.0	3.0
2	624	Pou3f1	0.02728731942215088	2.8386657238855657e-05	0.04975922953451043	0.004596057867491084	5	57	133.0	37.0	23.0	8.0
2	624	Tbx18	0.030497592295345103	0.0003122532296274122	0.030497592295345103	0.0005212822511135312	3	77	310.0	104.0	24.0	10.0
2	592	Tlx2	0.047377326565143825	0.001035303564771	0.077834179357022	0.050147695660902235	1	129	6.0	8.0	23.0	1.0
2	592	Phox2b	0.07614213197969542	0.0026011643580257536	0.11844331641285956	0.04569675069546015	0	151	8.0	1.0	5.0	2.0
2	592	Shox2	0.06429780033840947	0.001333562763486191	0.08798646362098138	0.01864406779661017	0	151	33.0	5.0	16.0	7.0
2	592	Foxa3	0.04399323181049069	0.004379248042674008	0.047377326565143825	0.06300438785167341	2	121	3.0	29.0	1.0	3.0
2	592	Pou3f1	0.025380710659898477	0.00014626172244687258	0.04060913705583756	0.008471708394275718	4	65	74.0	40.0	20.0	8.0
2	592	Tbx18	0.02707275803722504	0.00044452092116206373	0.02707275803722504	0.0007714588889844848	3	77	281.0	85.0	18.0	7.0
2	565	Tlx2	0.0425531914893617	0.0006707985336910925	0.06914893617021277	0.03455399770731769	3	81	15.0	8.0	10.0	2.0
2	565	Phox2b	0.0726950354609929	0.004157061335550433	0.10460992907801418	0.07474207323986244	0	149	4.0	1.0	1.0	1.0
2	565	Shox2	0.06205673758865248	0.0026485519569681166	0.08156028368794326	0.030510310771827722	0	149	18.0	4.0	8.0	5.0
2	565	Foxa3	0.03368794326241135	0.0035177556907650255	0.03900709219858156	0.10180391267651764	1	110	1.0	29.0	2.0	5.0
2	565	Pou3f1	0.02127659574468085	8.818008893591827e-05	0.031914893617021274	0.011737399695148835	5	60	59.0	53.0	19.0	10.0
2	565	Tbx18	0.01950354609929078	0.0006959928448156406	0.01950354609929078	0.0026233576458435685	2	84	193.0	101.0	17.0	11.0
2	521	Tlx2	0.04230769230769231	0.0005520972283978064	0.06538461538461539	0.05023714243367423	3	82	6.0	6.0	14.0	2.0
2	521	Phox2b	0.05961538461538462	0.0030939676893434118	0.08846153846153847	0.05540981176819327	2	94	5.0	1.0	1.0	2.0
2	521	Shox2	0.05576923076923077	0.002123165851489551	0.07692307692307693	0.05789610197124648	2	94	3.0	3.0	4.0	3.0
2	521	Foxa3	0.028846153846153848	0.002764191492515192	0.032692307692307694	0.06498443752779012	1	94	2.0	33.0	3.0	5.0
2	521	Pou3f1	0.019230769230769232	7.410701052319549e-06	0.028846153846153848	0.0016525863346672596	5	51	186.0	45.0	25.0	10.0
2	521	Tbx18	0.01730769230769231	0.001233881725211205	0.01730769230769231	0.006562175781828961	4	78	97.0	93.0	9.0	10.0
2	470	Tlx2	0.042643923240938165	0.0004464855211123868	0.07036247334754797	0.04381480874018187	6	40	7.0	4.0	2.0	1.0
2	470	Phox2b	0.053304904051172705	0.001535363475661983	0.08102345415778252	0.0437555810690139	3	66	8.0	1.0	4.0	2.0
2	470	Shox2	0.04904051172707889	0.0015490313997776684	0.06823027718550106	0.0380515007380679	3	66	15.0	5.0	3.0	3.0
2	470	Foxa3	0.027718550106609806	0.003403313104805642	0.029850746268656716	0.019135093761959432	0	86	37.0	33.0	3.0	5.0
2	470	Pou3f1	0.017057569296375266	3.644779764182749e-05	0.023454157782515993	0.003371421281869043	5	42	124.0	50.0	13.0	9.0
2	470	Tbx18	0.014925373134328358	0.0019135093761959434	0.014925373134328358	0.01823756674502943	1	68	40.0	89.0	5.0	6.0
2	412	Tlx2	0.05352798053527981	0.0016260162601626014	0.07299270072992702	0.0313453207524776	2	71	21.0	4.0	10.0	1.0
2	412	Phox2b	0.058394160583941604	0.0022669277787668385	0.08029197080291971	0.04060293157676102	0	79	12.0	2.0	6.0	3.0
2	412	Shox2	0.06082725060827251	0.005234110735267936	0.0705596107055961	0.06878523529760845	0	79	4.0	5.0	1.0	2.0
2	412	Foxa3	0.021897810218978103	0.0046050679484897035	0.021897810218978103	0.021179751943504833	1	77	31.0	47.0	2.0	7.0
2	412	Pou3f1	0.0170316301703163	5.9343659130021956e-05	0.024330900243309004	0.006207346745000297	5	39	84.0	40.0	15.0	10.0
2	412	Tbx18	0.004866180048661801	0.0007002551777342591	0.004866180048661801	0.005447747908136015	3	56	93.0	193.0	17.0	33.0
2	363	Tlx2	0.049723756906077346	0.0010866071838508747	0.0718232044198895	0.04028098743514792	2	62	23.0	4.0	13.0	1.0
2	363	Phox2b	0.06077348066298342	0.003007300163756294	0.07734806629834254	0.04672410890558761	0	65	18.0	1.0	3.0	2.0
2	363	Shox2	0.04696132596685083	0.0030302566535559605	0.055248618784530384	0.058607918458548236	0	65	6.0	7.0	2.0	4.0
2	363	Foxa3	0.022099447513812154	0.0029154742045576286	0.022099447513812154	0.01436311045132459	1	64	54.0	38.0	3.0	4.0
2	363	Pou3f1	0.013812154696132596	5.3565142865888193e-05	0.022099447513812154	0.04085489968013958	6	34	22.0	38.0	11.0	11.0
2	363	Tbx18	0.0	0.0	0.0	0.0	3	52	363.0	363.0	52.0	52.0
2	332	Tlx2	0.0513595166163142	0.0011993042204522567	0.06646525679758308	0.036180536482651286	6	32	19.0	3.0	2.0	1.0
2	332	Phox2b	0.054380664652567974	0.003332417833928408	0.06646525679758308	0.058756751808111324	0	64	6.0	3.0	3.0	2.0
2	332	Shox2	0.04833836858006042	0.003680307607800055	0.054380664652567974	0.042442552412340934	0	64	14.0	7.0	2.0	4.0
2	332	Foxa3	0.01812688821752266	0.0032866428636821386	0.01812688821752266	0.015142360157465899	1	59	55.0	44.0	2.0	6.0
2	332	Pou3f1	0.015105740181268881	0.00021971985718209283	0.021148036253776436	0.029854435594616865	4	36	29.0	33.0	12.0	9.0
2	332	Tbx18	0.0	0.0	0.0	0.0	1	59	332.0	332.0	59.0	59.0
2	231	Tlx2	0.06521739130434782	0.0023163090943611165	0.08260869565217391	0.06193278906398329	2	32	6.0	3.0	1.0	1.0
2	231	Phox2b	0.06956521739130435	0.0052591608126067975	0.08260869565217391	0.12149231061325233	1	48	1.0	3.0	2.0	2.0
2	231	Shox2	0.04782608695652174	0.004575659768369091	0.06086956521739131	0.056236947028669076	1	48	8.0	7.0	3.0	4.0
2	231	Foxa3	0.017391304347826087	0.0006075564837668502	0.017391304347826087	0.0006075564837668502	0	53	98.0	55.0	17.0	8.0
2	231	Pou3f1	0.013043478260869566	7.594456047085628e-05	0.017391304347826087	0.0018416555914182648	3	28	83.0	55.0	13.0	12.0
2	199	Tlx2	0.07070707070707072	0.004230118443316413	0.08585858585858587	0.03204635184330616	2	32	18.0	2.0	1.0	1.0
2	199	Phox2b	0.07070707070707072	0.005281238783776855	0.08080808080808081	0.15497615751422858	1	41	1.0	3.0	2.0	1.0
2	199	Shox2	0.045454545454545456	0.0055376095985233045	0.045454545454545456	0.03922473465620674	1	41	14.0	8.0	1.0	4.0
2	199	Foxa3	0.015151515151515152	0.0006922011998154131	0.015151515151515152	0.0006922011998154131	0	42	85.0	55.0	15.0	8.0
2	199	Pou3f1	0.015151515151515152	7.691124442393478e-05	0.020202020202020204	0.0022304260882941088	3	24	67.0	44.0	13.0	11.0
2	145	Tlx2	0.09027777777777778	0.005827505827505828	0.1111111111111111	0.043074980574980576	2	22	8.0	1.0	1.0	1.0
2	145	Phox2b	0.06944444444444445	0.004079254079254079	0.09027777777777778	0.15146658896658896	3	20	1.0	2.0	2.0	1.0
2	145	Shox2	0.034722222222222224	0.0009712509712509713	0.048611111111111105	0.04501748251748252	5	16	7.0	9.0	3.0	2.0
2	145	Foxa3	0.013888888888888888	0.0002913752913752914	0.013888888888888888	0.0002913752913752914	0	25	61.0	56.0	10.0	8.0
2	145	Pou3f1	0.027777777777777776	0.0007284382284382285	0.027777777777777776	0.0028166278166278165	1	22	46.0	27.0	9.0	5.0
2	117	Tlx2	0.09482758620689655	0.008845577211394302	0.12068965517241378	0.06934032983508245	1	20	2.0	1.0	1.0	1.0
2	117	Phox2b	0.08620689655172414	0.006146926536731634	0.09482758620689655	0.1128935532233883	0	25	1.0	2.0	2.0	1.0
2	117	Shox2	0.04310344827586207	0.0011994002998500749	0.05172413793103448	0.044902548725637176	5	10	8.0	9.0	1.0	1.0
2	117	Pou3f1	0.008620689655172414	7.496251874062968e-05	0.017241379310344827	0.007871064467766116	8	5	27.0	44.0	2.0	3.0
2	96	Tlx2	0.08421052631578947	0.0077267637178051515	0.11578947368421053	0.08096304591265398	2	15	3.0	1.0	1.0	1.0
2	96	Phox2b	0.07368421052631578	0.006830907054871221	0.08421052631578947	0.11466965285554312	0	18	1.0	4.0	2.0	2.0
2	96	Shox2	0.031578947368421054	0.0004479283314669653	0.031578947368421054	0.028219484882418815	5	7	12.0	22.0	2.0	2.0
2	96	Pou3f1	0.010526315789473684	0.00011198208286674133	0.021052631578947368	0.009966405375139977	7	5	24.0	41.0	2.0	3.0
2	78	Tlx2	0.07792207792207792	0.007177033492822967	0.09090909090909091	0.06989063568010936	2	12	2.0	2.0	1.0	1.0
2	78	Phox2b	0.05194805194805195	0.002734107997265892	0.07792207792207792	0.10509227614490774	1	14	1.0	4.0	3.0	2.0
2	78	Shox2	0.025974025974025976	0.0003417634996582365	0.025974025974025976	0.021018455228981547	5	5	11.0	30.0	2.0	2.0
2	78	Pou3f1	0.025974025974025976	0.0	0.025974025974025976	0.0	0	14	78.0	30.0	14.0	8.0
2	28	Tlx2	0.18518518518518517	0.06125356125356125	0.2222222222222222	0.29914529914529914	0	11	1.0	1.0	1.0	1.0
2	28	Pou3f1	0.037037037037037035	0.0	0.037037037037037035	0.0	1	10	28.0	20.0	10.0	8.0
2	22	Tlx2	0.23809523809523808	0.06904761904761905	0.2857142857142857	0.3023809523809524	0	10	1.0	1.0	1.0	1.0
2	18	Tlx2	0.11764705882352941	0.01838235294117647	0.1764705882352941	0.2426470588235294	1	5	2.0	3.0	1.0	1.0
2	16	Tlx2	0.13333333333333333	0.014285714285714287	0.2	0.20476190476190478	2	4	2.0	2.0	1.0	1.0
2	15	Tlx2	0.14285714285714285	0.016483516483516484	0.14285714285714285	0.11538461538461539	2	4	1.0	5.0	1.0	1.0
3	647	Tlx2	0.06037151702786378	0.0021863825089399286	0.09287925696594428	0.024549403604771165	0	176	11.0	12.0	11.0	5.0
3	647	Phox2b	0.08359133126934985	0.0007991936064511484	0.14860681114551083	0.016274269805841554	1	156	27.0	1.0	28.0	6.0
3	647	Shox2	0.09752321981424149	0.0015431876544987641	0.13312693498452013	0.009751121991024073	1	156	66.0	2.0	7.0	1.0
3	647	Pou3f1	0.05417956656346749	0.0006143950848393213	0.05417956656346749	0.001034391724866201	2	135	280.0	57.0	24.0	9.0
3	647	Foxa3	0.043343653250773995	0.0013199894400844794	0.07894736842105264	0.021993424052607582	3	118	14.0	20.0	3.0	6.0
3	647	Tbx18	0.04024767801857585	0.0008807929536563708	0.041795665634674926	0.01114311085511316	3	118	56.0	91.0	12.0	11.0
3	623	Tlx2	0.05787781350482315	0.001493804723218955	0.08360128617363344	0.03032656590604305	1	146	9.0	9.0	9.0	2.0
3	623	Phox2b	0.07717041800643087	0.0019546318302085114	0.13344051446945338	0.032589278779688396	0	150	7.0	1.0	9.0	4.0
3	623	Shox2	0.08842443729903537	0.001641372954108869	0.12057877813504823	0.01716192636086387	0	150	30.0	2.0	12.0	1.0
3	623	Pou3f1	0.022508038585209004	0.00021229113917496415	0.04180064308681672	0.0038134737561551484	5	58	159.0	66.0	15.0	10.0
3	623	Foxa3	0.05627009646302251	0.0021125557264240332	0.06752411575562701	0.017167104193526673	2	122	29.0	19.0	2.0	3.0
3	623	Tbx18	0.03054662379421222	0.0008232753933858365	0.03054662379421222	0.009760214569385547	3	85	77.0	109.0	5.0	12.0
3	596	Tlx2	0.04873949579831933	0.0014288543700308406	0.07058823529411765	0.032306255835667604	1	147	10.0	9.0	20.0	3.0
3	596	Phox2b	0.07226890756302522	0.0023427552839317546	0.11596638655462185	0.03621933621933622	0	157	7.0	1.0	10.0	2.0
3	596	Shox2	0.07058823529411765	0.0016354016354016355	0.0957983193277311	0.02676909147497383	0	157	14.0	2.0	17.0	5.0
3	596	Pou3f1	0.025210084033613446	0.00022635316752963813	0.03865546218487395	0.006405794641088759	5	35	121.0	54.0	3.0	8.0
3	596	Foxa3	0.052100840336134456	0.0030076677135500666	0.05882352941176471	0.05608748549925021	2	117	3.0	17.0	2.0	2.0
3	596	Tbx18	0.020168067226890758	0.0005885182355770592	0.02184873949579832	0.007769572475454829	3	79	106.0	122.0	11.0	17.0
3	561	Tlx2	0.049999999999999996	0.0018336314847942755	0.06785714285714285	0.04277408637873754	0	134	7.0	7.0	19.0	1.0
3	561	Phox2b	0.06607142857142857	0.0018496038844876053	0.10714285714285714	0.03578775875287503	1	131	10.0	1.0	6.0	3.0
3	561	Shox2	0.06785714285714285	0.001712241247124968	0.08928571428571429	0.026242652696141067	1	131	24.0	2.0	9.0	2.0
3	561	Pou3f1	0.02142857142857143	4.791719907998978e-05	0.03571428571428571	0.00601520572450805	4	54	118.0	42.0	21.0	11.0
3	561	Foxa3	0.04107142857142857	0.0033797597751086123	0.044642857142857144	0.031788269869665216	2	106	15.0	25.0	3.0	4.0
3	561	Tbx18	0.017857142857142856	0.0008145923843598262	0.019642857142857142	0.010957066189624328	3	76	78.0	108.0	9.0	14.0
3	523	Tlx2	0.04980842911877394	0.001709797692324663	0.06896551724137931	0.058004427089078624	0	111	8.0	5.0	13.0	1.0
3	523	Phox2b	0.06513409961685823	0.001378869106713438	0.09578544061302681	0.03437612607643715	3	79	16.0	1.0	2.0	1.0
3	523	Shox2	0.05555555555555555	0.0008383524168817703	0.07279693486590037	0.023756995462601394	3	79	26.0	4.0	8.0	2.0
3	523	Pou3f1	0.021072796934865898	5.5154764268537516e-05	0.034482758620689655	0.011501606842132358	5	53	72.0	32.0	21.0	9.0
3	523	Foxa3	0.03065134099616858	0.0019010008751222597	0.032567049808429116	0.020440355637920005	2	101	33.0	37.0	8.0	4.0
3	523	Tbx18	0.011494252873563218	0.0006875960612144344	0.013409961685823753	0.020660974694994155	4	71	31.0	127.0	15.0	23.0
3	483	Tlx2	0.049792531120331954	0.0019797965856057143	0.06846473029045644	0.04273600124222531	0	102	15.0	4.0	10.0	1.0
3	483	Phox2b	0.06016597510373444	0.0016519871291655525	0.08298755186721991	0.030758016235194658	3	68	18.0	1.0	2.0	1.0
3	483	Shox2	0.05186721991701245	0.0009575486753909991	0.06224066390041494	0.02667333787665738	3	68	26.0	6.0	3.0	2.0
3	483	Pou3f1	0.02074688796680498	6.038595250213508e-05	0.03319502074688797	0.02668196444130054	5	49	25.0	24.0	21.0	9.0
3	483	Foxa3	0.022821576763485476	0.00010783205803952693	0.024896265560165977	0.021441326420579533	6	24	38.0	50.0	1.0	1.0
3	483	Tbx18	0.01037344398340249	0.0010265611925362962	0.012448132780082988	0.06273669136739676	4	59	9.0	112.0	9.0	14.0
3	434	Tlx2	0.04849884526558891	0.0021758190060730477	0.06928406466512702	0.05465208279873407	0	99	15.0	3.0	12.0	1.0
3	434	Phox2b	0.050808314087759814	0.0020902831237704215	0.07852193995381063	0.04844538533914977	3	63	19.0	1.0	2.0	2.0
3	434	Shox2	0.046189376443418015	0.0011600804037293646	0.05542725173210161	0.03715464887520315	3	63	25.0	8.0	4.0	3.0
3	434	Pou3f1	0.023094688221709007	0.00019780172782482252	0.027713625866050806	0.018411598665640235	5	51	46.0	24.0	19.0	6.0
3	434	Foxa3	0.025404157043879907	0.0003154135659909332	0.025404157043879907	0.031081601231716705	1	79	29.0	31.0	24.0	4.0
3	434	Tbx18	0.004618937644341801	0.0007430929775040629	0.0069284064665127015	0.06455286117526303	4	63	10.0	159.0	23.0	34.0
3	384	Tlx2	0.057441253263707574	0.003998468962311866	0.07571801566579635	0.0511393927795169	0	90	5.0	1.0	6.0	1.0
3	384	Phox2b	0.04699738903394256	0.0018181072546580453	0.07049608355091384	0.04293057017483903	2	52	9.0	3.0	2.0	2.0
3	384	Shox2	0.0391644908616188	0.000690333957595724	0.044386422976501305	0.018905581452572005	2	52	23.0	9.0	6.0	3.0
3	384	Pou3f1	0.018276762402088774	0.0003895944117124383	0.02349869451697128	0.03370333410796549	5	33	10.0	30.0	7.0	7.0
3	384	Foxa3	0.018276762402088774	0.00036908944267494153	0.018276762402088774	0.004032643910707695	1	66	89.0	45.0	23.0	3.0
3	384	Tbx18	0.0026109660574412533	0.00022555465941246426	0.0026109660574412533	0.00022555465941246426	3	52	180.0	255.0	24.0	41.0
3	282	Tlx2	0.06761565836298931	0.0036476868327402134	0.08540925266903915	0.09664463650228775	0	65	1.0	3.0	12.0	1.0
3	282	Phox2b	0.05693950177935943	0.0018683274021352313	0.08540925266903915	0.0905821047280122	3	37	2.0	3.0	2.0	2.0
3	282	Shox2	0.042704626334519574	0.0013472292831723436	0.0498220640569395	0.012341128622267411	3	37	57.0	11.0	3.0	3.0
3	282	Pou3f1	0.021352313167259787	0.00039400101677681745	0.021352313167259787	0.020551601423487543	4	29	44.0	39.0	8.0	8.0
3	282	Foxa3	0.021352313167259787	0.0005592272496187087	0.021352313167259787	0.0030630401626842905	1	60	93.0	39.0	17.0	4.0
3	247	Tlx2	0.07317073170731708	0.0033184005309440847	0.0894308943089431	0.09601791936286709	3	35	3.0	2.0	3.0	1.0
3	247	Phox2b	0.05691056910569106	0.0027708644433383106	0.0813008130081301	0.09644931143188983	2	36	2.0	3.0	2.0	2.0
3	247	Shox2	0.03658536585365854	0.0016757922681267627	0.04065040650406505	0.00939107350257176	2	36	51.0	16.0	4.0	3.0
3	247	Pou3f1	0.020325203252032523	6.63680106188817e-05	0.020325203252032523	0.06339804214368674	5	27	7.0	34.0	11.0	9.0
3	247	Foxa3	0.016260162601626018	0.0	0.016260162601626018	0.0	0	49	247.0	52.0	49.0	6.0
3	199	Tlx2	0.08585858585858587	0.005076142131979696	0.10101010101010102	0.07939804132697534	0	39	4.0	2.0	2.0	1.0
3	199	Phox2b	0.06565656565656566	0.002589345228939138	0.08585858585858587	0.03378967338358201	2	36	18.0	4.0	4.0	2.0
3	199	Shox2	0.03535353535353536	0.0030251756140081015	0.045454545454545456	0.03855817053786597	2	36	15.0	14.0	3.0	4.0
3	199	Pou3f1	0.020202020202020204	0.0003845562221196739	0.020202020202020204	0.060426601035738096	3	33	7.0	34.0	14.0	9.0
3	199	Foxa3	0.010101010101010102	0.0	0.010101010101010102	0.0	1	38	199.0	84.0	38.0	14.0
3	161	Tlx2	0.09375	0.0057389937106918235	0.10625000000000001	0.046776729559748424	0	31	4.0	2.0	2.0	1.0
3	161	Phox2b	0.05625	0.003223270440251572	0.08750000000000001	0.04838836477987421	1	30	3.0	4.0	4.0	2.0
3	161	Shox2	0.037500000000000006	0.006132075471698113	0.05	0.020754716981132074	1	30	14.0	11.0	2.0	4.0
3	161	Pou3f1	0.025	0.0008647798742138364	0.025	0.02822327044025157	2	26	10.0	27.0	10.0	8.0
3	130	Tlx2	0.10077519379844961	0.005874515503875969	0.11627906976744186	0.04354408914728682	1	25	7.0	2.0	1.0	1.0
3	130	Phox2b	0.06976744186046512	0.004723837209302325	0.09302325581395349	0.057109980620155036	0	29	4.0	4.0	5.0	2.0
3	130	Shox2	0.031007751937984496	0.011446220930232558	0.03875968992248062	0.06861676356589147	0	29	2.0	17.0	2.0	6.0
3	130	Pou3f1	0.015503875968992248	0.0	0.015503875968992248	0.0	2	22	130.0	53.0	22.0	13.0
3	67	Tlx2	0.13636363636363635	0.009557109557109558	0.21212121212121213	0.1027972027972028	2	14	5.0	2.0	1.0	1.0
3	67	Phox2b	0.10606060606060606	0.01724941724941725	0.15151515151515152	0.12703962703962704	0	24	2.0	4.0	4.0	2.0
3	67	Shox2	0.045454545454545456	0.026806526806526808	0.045454545454545456	0.05944055944055944	0	24	9.0	16.0	2.0	6.0
3	67	Pou3f1	0.015151515151515152	0.0	0.015151515151515152	0.0	1	20	67.0	50.0	20.0	16.0
3	60	Tlx2	0.15254237288135594	0.016072472238457043	0.2033898305084746	0.043249561659848036	2	16	2.0	2.0	1.0	1.0
3	60	Phox2b	0.1016949152542373	0.02688486265341905	0.13559322033898305	0.03243717124488603	0	19	4.0	4.0	2.0	2.0
3	60	Shox2	0.03389830508474576	0.018118059614260665	0.03389830508474576	0.019871420222092342	0	19	8.0	25.0	5.0	6.0
3	60	Pou3f1	0.01694915254237288	0.0014611338398597311	0.01694915254237288	0.003798947983635301	1	19	23.0	40.0	9.0	12.0
3	51	Tlx2	0.16	0.015918367346938776	0.2	0.044489795918367346	2	14	1.0	2.0	1.0	1.0
3	51	Phox2b	0.08	0.02163265306122449	0.12	0.02816326530612245	1	15	3.0	5.0	2.0	2.0
3	51	Shox2	0.04	0.010612244897959184	0.04	0.011428571428571429	1	15	8.0	21.0	4.0	6.0
3	51	Pou3f1	0.02	0.0	0.02	0.0	0	17	51.0	35.0	17.0	11.0
3	50	Tlx2	0.16326530612244897	0.0195578231292517	0.2040816326530612	0.052721088435374146	0	13	1.0	2.0	1.0	1.0
3	50	Phox2b	0.08163265306122448	0.002551020408163265	0.12244897959183673	0.00510204081632653	1	10	13.0	4.0	2.0	2.0
3	50	Shox2	0.04081632653061224	0.002551020408163265	0.04081632653061224	0.006802721088435374	4	5	8.0	17.0	1.0	2.0
3	42	Tlx2	0.17073170731707318	0.021341463414634148	0.17073170731707318	0.05121951219512195	0	12	1.0	2.0	1.0	1.0
3	42	Phox2b	0.07317073170731708	0.0036585365853658534	0.0975609756097561	0.00548780487804878	2	8	8.0	6.0	2.0	2.0
3	35	Tlx2	0.1764705882352941	0.02762923351158645	0.1764705882352941	0.0606060606060606	1	11	1.0	2.0	1.0	1.0
3	35	Phox2b	0.08823529411764705	0.0035650623885918	0.11764705882352941	0.0053475935828877	2	8	7.0	5.0	2.0	2.0
3	19	Tlx2	0.2222222222222222	0.0392156862745098	0.2222222222222222	0.12745098039215685	1	7	1.0	3.0	1.0	1.0
4	580	Tlx2	0.04145077720207253	0.0013715330691862237	0.06735751295336788	0.027042209751928812	2	117	21.0	6.0	11.0	4.0
4	580	Phox2b	0.07426597582037996	0.0018018179536368037	0.11398963730569947	0.07682079232180529	3	93	2.0	1.0	2.0	1.0
4	580	Shox2	0.06390328151986183	0.0014791042902988687	0.08635578583765112	0.020623793558874327	3	93	31.0	2.0	4.0	2.0
4	580	Foxa3	0.04145077720207253	0.003200243828101189	0.04317789291882556	0.019282141384441617	1	118	32.0	31.0	2.0	1.0
4	580	Pou3f1	0.027633851468048358	0.00030179703701047625	0.046632124352331605	0.018729344831501637	5	48	34.0	26.0	6.0	6.0
4	580	Tbx18	0.015544041450777202	0.0003286898422886375	0.015544041450777202	0.0013416521744327114	4	75	232.0	147.0	28.0	21.0
4	533	Tlx2	0.03759398496240601	0.0019150984806649393	0.06015037593984962	0.03966837998952183	1	111	14.0	7.0	6.0	4.0
4	533	Phox2b	0.06954887218045112	0.001784121320249777	0.10338345864661654	0.09400266202228735	3	90	1.0	1.0	2.0	1.0
4	533	Shox2	0.05827067669172932	0.001288532064624839	0.07518796992481203	0.021922744714894582	3	90	29.0	4.0	5.0	2.0
4	533	Foxa3	0.03759398496240601	0.005147048411990428	0.041353383458646614	0.035200996842388456	2	108	16.0	25.0	1.0	2.0
4	533	Pou3f1	0.020676691729323307	0.0012283533692989536	0.039473684210526314	0.009214420231369385	2	108	81.0	29.0	17.0	15.0
4	533	Tbx18	0.009398496240601503	0.00019469577899551137	0.009398496240601503	0.001515087152910525	4	68	216.0	175.0	30.0	28.0
4	482	Tlx2	0.035343035343035345	0.0022392584892584892	0.056133056133056136	0.08352390852390852	1	90	5.0	6.0	6.0	4.0
4	482	Phox2b	0.079002079002079	0.003967428967428967	0.09771309771309772	0.07618676368676368	0	133	7.0	1.0	4.0	1.0
4	482	Shox2	0.062370062370062374	0.003733541233541233	0.079002079002079	0.053737872487872484	0	133	13.0	2.0	6.0	2.0
4	482	Foxa3	0.033264033264033266	0.0015809078309078307	0.035343035343035345	0.08365817740817741	4	48	4.0	27.0	2.0	1.0
4	482	Pou3f1	0.016632016632016633	0.0004114691614691614	0.035343035343035345	0.016129591129591128	2	58	50.0	27.0	17.0	15.0
4	482	Tbx18	0.008316008316008316	0.0003508316008316008	0.008316008316008316	0.020655751905751904	3	55	38.0	161.0	24.0	24.0
4	431	Tlx2	0.037209302325581395	0.001620859760394644	0.053488372093023255	0.05008402450262915	0	85	4.0	5.0	12.0	2.0
4	431	Phox2b	0.06046511627906977	0.0015124410473247682	0.07906976744186046	0.02964167615330406	1	68	11.0	1.0	3.0	1.0
4	431	Shox2	0.05813953488372093	0.0024665257223396757	0.06744186046511627	0.037041253320323084	1	68	8.0	2.0	2.0	2.0
4	431	Foxa3	0.023255813953488372	0.000287309589635171	0.030232558139534883	0.01845286496449287	7	35	28.0	27.0	1.0	1.0
4	431	Pou3f1	0.013953488372093023	0.0004607795305469724	0.023255813953488372	0.014332953867837589	3	54	39.0	42.0	16.0	14.0
4	431	Tbx18	0.009302325581395349	0.0015558085325527186	0.009302325581395349	0.0018376971865343957	4	54	135.0	130.0	7.0	20.0
4	309	Tlx2	0.03896103896103896	0.0007931807606074707	0.0551948051948052	0.06108549431025	5	38	7.0	11.0	7.0	2.0
4	309	Phox2b	0.07142857142857144	0.0028977537120859595	0.09415584415584416	0.04591987816743517	0	55	12.0	1.0	3.0	1.0
4	309	Shox2	0.06493506493506494	0.004748508820170058	0.07142857142857144	0.03440289352341469	0	55	19.0	3.0	1.0	2.0
4	309	Foxa3	0.029220779220779224	0.0004653327128897161	0.03246753246753247	0.03190701806336985	7	23	20.0	28.0	1.0	1.0
4	309	Pou3f1	0.00974025974025974	0.0009412411692541985	0.022727272727272728	0.013187952113033545	1	43	54.0	43.0	11.0	19.0
4	257	Tlx2	0.04296875	0.003094362745098039	0.06640625	0.08690257352941176	0	42	3.0	4.0	3.0	4.0
4	257	Phox2b	0.0625	0.002619485294117647	0.08984375	0.1285845588235294	1	39	1.0	1.0	4.0	1.0
4	257	Shox2	0.05078125	0.002190563725490196	0.0625	0.018658088235294117	1	39	45.0	5.0	5.0	2.0
4	257	Foxa3	0.03515625	0.0005208333333333333	0.03515625	0.010263480392156863	7	17	62.0	21.0	1.0	1.0
4	257	Pou3f1	0.015625	0.0005208333333333333	0.01953125	0.048008578431372545	3	36	14.0	47.0	8.0	11.0
4	207	Tlx2	0.04854368932038834	0.00655931802036467	0.07281553398058252	0.09194885152735023	1	36	2.0	3.0	1.0	1.0
4	207	Phox2b	0.06310679611650485	0.004262372720814587	0.08252427184466019	0.08846791380535164	2	35	3.0	1.0	1.0	1.0
4	207	Shox2	0.04368932038834951	0.0031020601468150603	0.05339805825242718	0.052877101586549846	2	35	16.0	7.0	4.0	2.0
4	207	Foxa3	0.02427184466019417	0.0014207909069381957	0.02427184466019417	0.008287946957139474	0	39	64.0	38.0	5.0	4.0
4	207	Pou3f1	0.014563106796116504	0.0	0.014563106796116504	0.04068197963533034	3	32	26.0	64.0	32.0	11.0
4	163	Tlx2	0.06172839506172839	0.007246376811594202	0.07407407407407407	0.14634613909976227	0	33	1.0	3.0	1.0	1.0
4	163	Phox2b	0.07407407407407407	0.0050226209646499495	0.09259259259259259	0.09151905528717122	3	23	3.0	1.0	1.0	1.0
4	163	Shox2	0.04938271604938271	0.0025688214094011196	0.05555555555555555	0.05321677785445901	3	23	6.0	5.0	3.0	2.0
4	163	Pou3f1	0.006172839506172839	0.0004217467985583927	0.018518518518518517	0.03442987500958515	1	30	17.0	49.0	8.0	24.0
4	138	Tlx2	0.051094890510948905	0.0019321597252039504	0.06569343065693431	0.06794761700300558	0	28	1.0	3.0	5.0	1.0
4	138	Phox2b	0.08759124087591241	0.006762559038213826	0.1094890510948905	0.03612065264061829	2	26	5.0	1.0	1.0	1.0
4	138	Shox2	0.043795620437956206	0.003273937312151138	0.043795620437956206	0.026674538428510093	2	26	9.0	14.0	3.0	4.0
4	138	Pou3f1	0.021897810218978103	0.0	0.021897810218978103	0.02173679690854444	1	26	12.0	34.0	26.0	9.0
4	111	Tlx2	0.06363636363636363	0.002585487906588824	0.08181818181818182	0.03144286905754796	2	20	1.0	2.0	3.0	1.0
4	111	Phox2b	0.09090909090909091	0.004503753127606339	0.11818181818181818	0.01884904086738949	1	21	3.0	1.0	1.0	1.0
4	111	Shox2	0.02727272727272727	0.00158465387823186	0.02727272727272727	0.00884070058381985	1	21	13.0	30.0	3.0	6.0
4	111	Pou3f1	0.02727272727272727	0.0	0.02727272727272727	0.0	0	25	111.0	30.0	25.0	8.0
4	80	Tlx2	0.0759493670886076	0.00243427458617332	0.10126582278481013	0.054527750730282376	3	12	1.0	3.0	2.0	1.0
4	80	Phox2b	0.0759493670886076	0.006815968841285297	0.10126582278481013	0.02353132099967543	1	18	7.0	3.0	1.0	2.0
4	80	Shox2	0.0379746835443038	0.0034079844206426485	0.0379746835443038	0.017526777020447908	1	18	9.0	20.0	3.0	4.0
4	80	Pou3f1	0.02531645569620253	0.0	0.02531645569620253	0.0	0	23	80.0	30.0	23.0	10.0
4	56	Tlx2	0.07272727272727272	0.004377104377104377	0.07272727272727272	0.03063973063973064	2	11	3.0	11.0	3.0	3.0
4	56	Phox2b	0.10909090909090909	0.006060606060606061	0.12727272727272726	0.01616161616161616	0	17	7.0	2.0	2.0	2.0
4	56	Shox2	0.03636363636363636	0.0033670033670033673	0.03636363636363636	0.014141414141414142	0	17	9.0	21.0	3.0	4.0
4	23	Tlx2	0.18181818181818182	0.017316017316017316	0.18181818181818182	0.07792207792207792	1	7	3.0	6.0	2.0	3.0
4	19	Tlx2	0.2222222222222222	0.03594771241830066	0.2222222222222222	0.1503267973856209	0	7	2.0	2.0	1.0	1.0
4	17	Tlx2	0.125	0.041666666666666664	0.125	0.14583333333333334	0	7	1.0	6.0	2.0	3.0
4	15	Tlx2	0.07142857142857142	0.038461538461538464	0.07142857142857142	0.15384615384615385	0	6	1.0	12.0	2.0	6.0
4	12	Tlx2	0.09090909090909091	0.03636363636363636	0.09090909090909091	0.09090909090909091	0	6	1.0	10.0	1.0	6.0
4	8	Tlx2	0.0	0.0	0.0	0.0	2	2	8.0	8.0	2.0	2.0
4	6	Tlx2	0.0	0.0	0.0	0.0	1	3	6.0	6.0	3.0	3.0
4	3	Tlx2	0.0	0.0	0.0	0.0	1	1	3.0	3.0	1.0	1.0
5	646	Tlx2	0.08217054263565891	0.0012518657614714237	0.10077519379844961	0.019211324570273	3	94	19.0	8.0	2.0	1.0
5	646	Shox2	0.09922480620155039	0.0020246521257643603	0.13953488372093023	0.015913139775627135	0	172	25.0	2.0	11.0	1.0
5	646	Phox2b	0.09302325581395349	0.004367085560209928	0.15193798449612403	0.05955029129953295	0	172	2.0	1.0	1.0	5.0
5	646	Pou3f1	0.034108527131782945	0.00019981703500409262	0.05891472868217054	0.0066998892580287924	1	141	84.0	47.0	61.0	22.0
5	646	Foxa3	0.06666666666666667	0.002809475660840676	0.08062015503875969	0.02123838413019404	1	141	17.0	21.0	1.0	3.0
5	646	Tbx18	0.021705426356589147	0.0002961144012711252	0.021705426356589147	0.0015816842409360104	4	86	245.0	189.0	25.0	30.0
5	621	Tlx2	0.0532258064516129	0.001188180728542394	0.08548387096774193	0.015198811819271458	1	129	38.0	9.0	10.0	4.0
5	621	Shox2	0.07419354838709677	0.0006279639376726249	0.12258064516129032	0.019612798999426754	3	115	25.0	2.0	16.0	3.0
5	621	Phox2b	0.08225806451612903	0.0019516389598207306	0.12741935483870967	0.024274323831361716	3	115	17.0	1.0	3.0	1.0
5	621	Pou3f1	0.024193548387096774	8.598676324977851e-05	0.05	0.00553963208087967	5	39	117.0	46.0	12.0	9.0
5	621	Foxa3	0.05967741935483871	0.002483193496273907	0.06774193548387097	0.03407420918234405	2	127	9.0	22.0	2.0	2.0
5	621	Tbx18	0.01935483870967742	0.00034915837198394914	0.01935483870967742	0.0031502423263327947	4	82	177.0	179.0	23.0	28.0
5	590	Tlx2	0.06791171477079797	0.0023734451335712553	0.07979626485568761	0.024516937505052953	3	96	18.0	9.0	1.0	2.0
5	590	Shox2	0.057724957555178265	0.0006785396671402006	0.10186757215619695	0.009961539794185926	2	98	80.0	3.0	16.0	5.0
5	590	Phox2b	0.06451612903225806	0.0029451508956723606	0.12054329371816638	0.05025235900811938	2	98	4.0	1.0	1.0	3.0
5	590	Pou3f1	0.025466893039049237	6.641026529457283e-05	0.04923599320882852	0.007126110206391555	3	96	106.0	32.0	43.0	21.0
5	590	Foxa3	0.05432937181663837	0.0029047272559278377	0.057724957555178265	0.029858632757007723	1	118	14.0	23.0	4.0	2.0
5	590	Tbx18	0.01697792869269949	0.0008142476005682408	0.01697792869269949	0.011454327061894367	4	81	65.0	169.0	7.0	27.0
5	559	Tlx2	0.06272401433691756	0.0028377830543811896	0.06989247311827956	0.04366389323243438	3	93	9.0	8.0	1.0	2.0
5	559	Shox2	0.06093189964157706	0.0011614962388113487	0.0931899641577061	0.02367393164868117	2	99	22.0	2.0	7.0	3.0
5	559	Phox2b	0.07168458781362007	0.0025707354426877218	0.11290322580645161	0.073074522370868	2	99	3.0	1.0	1.0	1.0
5	559	Pou3f1	0.026881720430107527	0.0006338358976338938	0.044802867383512544	0.01264454354163047	3	93	59.0	28.0	21.0	18.0
5	559	Foxa3	0.04659498207885305	0.0036807526238232208	0.053763440860215055	0.03074264975579622	0	106	17.0	20.0	3.0	2.0
5	559	Tbx18	0.007168458781362007	0.0005727045166438228	0.008960573476702509	0.032338500543747546	4	87	14.0	206.0	25.0	40.0
5	529	Tlx2	0.06439393939393939	0.003468029440515209	0.07196969696969698	0.048706946121557126	3	90	9.0	5.0	1.0	2.0
5	529	Shox2	0.05113636363636364	0.0018364383876717843	0.07954545454545454	0.02723391409349664	2	90	29.0	2.0	3.0	2.0
5	529	Phox2b	0.0625	0.0017789373814041747	0.09848484848484848	0.04180682536944397	2	90	13.0	1.0	4.0	1.0
5	529	Pou3f1	0.02462121212121212	0.0005354781208671152	0.030303030303030304	0.015640273704789834	3	90	55.0	42.0	21.0	17.0
5	529	Foxa3	0.03787878787878788	0.003406934621355874	0.03787878787878788	0.01170145477545857	0	110	71.0	27.0	4.0	2.0
5	529	Tbx18	0.00946969696969697	0.0003989132309815422	0.00946969696969697	0.050917141049968376	5	66	7.0	174.0	22.0	26.0
5	492	Tlx2	0.06109979633401221	0.0040608504094102	0.06517311608961303	0.052620640924394196	0	94	12.0	6.0	1.0	2.0
5	492	Shox2	0.048879837067209775	0.0013466893885863917	0.06924643584521384	0.023845546365185582	3	78	35.0	4.0	6.0	2.0
5	492	Phox2b	0.06517311608961303	0.001949374454466104	0.09164969450101833	0.06949997921775634	3	78	6.0	1.0	2.0	1.0
5	492	Pou3f1	0.026476578411405292	0.001093146016043892	0.030549898167006106	0.019684941186250467	0	94	46.0	33.0	16.0	15.0
5	492	Foxa3	0.03462321792260692	0.0038738102165509786	0.03462321792260692	0.026522299347437547	2	91	30.0	25.0	2.0	2.0
5	492	Tbx18	0.006109979633401222	0.00022029178270086038	0.006109979633401222	0.0012801862089031131	4	71	199.0	208.0	30.0	36.0
5	442	Tlx2	0.03854875283446712	0.0005875077303648732	0.061224489795918366	0.07677283034425891	5	44	6.0	3.0	3.0	1.0
5	442	Shox2	0.04308390022675737	0.0012780869923727067	0.05668934240362812	0.018820861678004536	3	60	53.0	7.0	4.0	3.0
5	442	Phox2b	0.061224489795918366	0.0018089053803339518	0.09070294784580499	0.1090702947845805	3	60	1.0	1.0	1.0	1.0
5	442	Pou3f1	0.0272108843537415	0.0011183261183261182	0.02947845804988662	0.0040249433106575964	6	43	142.0	28.0	4.0	4.0
5	442	Foxa3	0.031746031746031744	0.003009688723974438	0.031746031746031744	0.019124922696351267	1	78	52.0	24.0	2.0	2.0
5	442	Tbx18	0.006802721088435375	0.000479282622139765	0.006802721088435375	0.006277056277056277	2	65	114.0	171.0	21.0	28.0
5	387	Tlx2	0.044041450777202076	0.0013592624991588722	0.05699481865284974	0.018922010631855193	3	56	56.0	4.0	7.0	1.0
5	387	Shox2	0.04145077720207254	0.0012852432541551712	0.05181347150259068	0.03644438463091313	2	56	32.0	6.0	5.0	3.0
5	387	Phox2b	0.06476683937823835	0.002731983042863872	0.09067357512953368	0.14622165399367473	2	56	3.0	1.0	1.0	1.0
5	387	Pou3f1	0.02072538860103627	0.0006998183163986273	0.023316062176165803	0.0027454410874099993	4	39	145.0	37.0	8.0	7.0
5	387	Foxa3	0.02072538860103627	0.0004710315591144607	0.023316062176165803	0.022703721149317006	6	26	45.0	37.0	6.0	1.0
5	387	Tbx18	0.0051813471502590676	0.0003095350245609313	0.0051813471502590676	0.001635152412354485	1	61	169.0	191.0	27.0	32.0
5	341	Tlx2	0.047058823529411764	0.0021169529758806177	0.061764705882352944	0.026253687315634218	2	47	19.0	3.0	1.0	1.0
5	341	Shox2	0.044117647058823525	0.0014402221065417317	0.052941176470588235	0.047232344265139684	1	50	8.0	6.0	4.0	2.0
5	341	Phox2b	0.06764705882352941	0.0037827520388686448	0.08529411764705883	0.14215686274509803	1	50	1.0	1.0	1.0	1.0
5	341	Pou3f1	0.020588235294117647	0.00041644976574700676	0.023529411764705882	0.003938920701023772	6	29	96.0	26.0	7.0	6.0
5	341	Foxa3	0.014705882352941176	6.94082942911678e-05	0.01764705882352941	0.00614263404476835	7	22	73.0	40.0	6.0	2.0
5	341	Tbx18	0.0058823529411764705	0.0004424778761061947	0.0058823529411764705	0.0004424778761061947	0	53	139.0	155.0	14.0	24.0
5	302	Tlx2	0.046511627906976744	0.0021816168327796234	0.05647840531561462	0.03454042081949059	3	36	15.0	3.0	1.0	1.0
5	302	Shox2	0.03322259136212625	0.0015282392026578074	0.03986710963455149	0.009811738648947951	0	57	49.0	11.0	6.0	3.0
5	302	Phox2b	0.06976744186046512	0.007774086378737542	0.07973421926910298	0.0774640088593577	0	57	2.0	1.0	1.0	1.0
5	302	Pou3f1	0.019933554817275746	0.00048726467331118497	0.023255813953488372	0.008903654485049834	6	22	51.0	25.0	6.0	5.0
5	302	Foxa3	0.013289036544850499	5.5370985603543746e-05	0.013289036544850499	0.004496124031007753	7	17	71.0	58.0	3.0	2.0
5	302	Tbx18	0.006644518272425249	0.00022148394241417498	0.006644518272425249	0.00022148394241417498	1	47	117.0	128.0	9.0	15.0
5	245	Tlx2	0.045081967213114756	0.0018889563516157324	0.05737704918032787	0.04452539971665655	2	28	8.0	5.0	1.0	2.0
5	245	Shox2	0.028688524590163935	0.002344329757808811	0.036885245901639344	0.02848613640963368	0	44	18.0	11.0	3.0	4.0
5	245	Phox2b	0.0778688524590164	0.007994333130945153	0.0819672131147541	0.0883761721648789	0	44	1.0	1.0	1.0	1.0
5	245	Pou3f1	0.01639344262295082	0.00030358227079538557	0.01639344262295082	0.004553734061930784	3	25	51.0	46.0	6.0	7.0
5	245	Foxa3	0.012295081967213115	6.746272684341901e-05	0.012295081967213115	0.00015179113539769278	8	15	95.0	64.0	3.0	4.0
5	245	Tbx18	0.0	0.0	0.0	0.0	6	23	245.0	245.0	23.0	23.0
5	169	Tlx2	0.05952380952380952	0.0033860849729113207	0.07142857142857142	0.05781294553749644	3	21	8.0	5.0	1.0	2.0
5	169	Shox2	0.047619047619047616	0.0026732249786142	0.05357142857142857	0.04198745366410037	0	36	15.0	7.0	5.0	3.0
5	169	Phox2b	0.06547619047619047	0.006415739948674081	0.08333333333333333	0.09634302822925578	0	36	2.0	2.0	2.0	1.0
5	169	Pou3f1	0.017857142857142856	0.00014257199885942402	0.017857142857142856	0.00014257199885942402	1	24	73.0	45.0	8.0	9.0
5	169	Foxa3	0.011904761904761904	0.0	0.011904761904761904	7.128599942971201e-05	9	6	76.0	70.0	6.0	2.0
5	136	Tlx2	0.05185185185185186	0.003150912106135987	0.06666666666666667	0.07048092868988391	2	21	7.0	6.0	3.0	2.0
5	136	Shox2	0.05185185185185186	0.0029297954671089	0.05185185185185186	0.054449972360420124	0	29	10.0	8.0	6.0	3.0
5	136	Phox2b	0.06666666666666667	0.0070757324488667775	0.08888888888888889	0.08568269762299613	0	29	3.0	3.0	2.0	1.0
5	136	Pou3f1	0.014814814814814815	0.0006633499170812604	0.014814814814814815	0.005085682697622996	1	21	38.0	57.0	3.0	9.0
5	136	Foxa3	0.014814814814814815	0.0001105583195135434	0.014814814814814815	0.0001105583195135434	4	16	60.0	57.0	6.0	7.0
5	111	Tlx2	0.06363636363636363	0.0028356964136780653	0.08181818181818182	0.07597998331943286	2	14	4.0	5.0	2.0	2.0
5	111	Shox2	0.06363636363636363	0.00408673894912427	0.06363636363636363	0.060717264386989156	0	29	8.0	7.0	5.0	2.0
5	111	Phox2b	0.08181818181818182	0.007673060884070058	0.09999999999999999	0.08131776480400334	0	29	3.0	2.0	2.0	1.0
5	111	Pou3f1	0.01818181818181818	0.0010008340283569643	0.01818181818181818	0.0068390325271059215	1	19	29.0	50.0	4.0	7.0
5	81	Tlx2	0.08750000000000001	0.009810126582278481	0.1	0.1666139240506329	2	15	1.0	4.0	1.0	2.0
5	81	Shox2	0.0625	0.004113924050632912	0.0625	0.10158227848101266	0	25	3.0	9.0	7.0	4.0
5	81	Phox2b	0.07500000000000001	0.008227848101265823	0.1	0.033227848101265826	0	25	9.0	4.0	3.0	1.0
5	81	Pou3f1	0.0125	0.0	0.0125	0.0	1	17	81.0	53.0	17.0	11.0
5	63	Tlx2	0.11290322580645161	0.015071390798519302	0.12903225806451613	0.15626652564780538	2	15	1.0	2.0	1.0	1.0
5	63	Shox2	0.08064516129032258	0.007932310946589107	0.08064516129032258	0.06372289793759915	0	18	4.0	6.0	3.0	1.0
5	63	Phox2b	0.04838709677419355	0.009254362771020624	0.06451612903225806	0.03807509254362771	0	18	7.0	9.0	2.0	5.0
5	63	Pou3f1	0.016129032258064516	0.0	0.016129032258064516	0.0	1	16	63.0	40.0	16.0	11.0
5	53	Tlx2	0.09615384615384616	0.004147812971342383	0.11538461538461539	0.10407239819004525	2	8	1.0	3.0	1.0	2.0
5	53	Shox2	0.057692307692307696	0.001885369532428356	0.057692307692307696	0.04600301659125189	3	8	4.0	11.0	2.0	2.0
5	53	Phox2b	0.038461538461538464	0.0	0.057692307692307696	0.028657616892911013	3	8	6.0	11.0	8.0	4.0
5	53	Pou3f1	0.019230769230769232	0.0	0.019230769230769232	0.0	0	16	53.0	35.0	16.0	10.0
5	43	Tlx2	0.11904761904761904	0.005807200929152149	0.14285714285714285	0.12253193960511034	1	7	1.0	2.0	1.0	1.0
5	43	Shox2	0.047619047619047616	0.0029036004645760743	0.047619047619047616	0.062137049941927994	2	7	4.0	17.0	3.0	2.0
5	43	Phox2b	0.023809523809523808	0.0	0.047619047619047616	0.025551684088269452	2	7	7.0	17.0	7.0	5.0
5	43	Pou3f1	0.023809523809523808	0.0	0.023809523809523808	0.0	0	12	43.0	31.0	12.0	7.0
5	40	Tlx2	0.1282051282051282	0.010796221322537112	0.1282051282051282	0.11066126855600539	1	8	1.0	2.0	1.0	1.0
5	40	Shox2	0.05128205128205128	0.0033738191632928472	0.05128205128205128	0.0816464237516869	2	7	3.0	17.0	3.0	2.0
5	40	Phox2b	0.02564102564102564	0.0	0.05128205128205128	0.03913630229419703	2	7	7.0	17.0	7.0	5.0
5	40	Pou3f1	0.02564102564102564	0.0	0.02564102564102564	0.0	0	10	40.0	29.0	10.0	7.0
5	29	Tlx2	0.10714285714285714	0.01455026455026455	0.17857142857142855	0.1468253968253968	2	6	1.0	2.0	1.0	2.0
5	29	Shox2	0.03571428571428571	0.0013227513227513227	0.03571428571428571	0.01984126984126984	1	8	4.0	21.0	3.0	5.0
5	29	Phox2b	0.07142857142857142	0.003968253968253968	0.07142857142857142	0.003968253968253968	1	8	9.0	10.0	1.0	2.0
5	29	Pou3f1	0.03571428571428571	0.0	0.03571428571428571	0.0	0	11	29.0	21.0	11.0	7.0
