run	nodes	geneid	local_outdegree_centrality	local_betweenness_centrality	outdegree_centrality	betweenness_centrality	community	community_size	rank_betweenness	rank_outdegree	rank_local_betweenness	rank_local_outdegree
1	458	Gcm1	0.08096280087527352	0.0023753311067603363	0.12035010940919037	0.026598909747015242	1	113	5.0	12.0	3.0	17.0
1	458	Batf3	0.05470459518599562	0.00046546892395101544	0.06783369803063458	0.008200890629198819	3	75	67.0	60.0	19.0	22.0
1	458	Foxa3	0.048140043763676144	0.0015259702867672464	0.06345733041575492	0.023470190794272334	2	79	8.0	69.0	4.0	2.0
1	458	Hand1	0.045951859956236324	0.00031671081423471155	0.061269146608315096	0.008944681177780339	3	75	60.0	79.0	35.0	32.0
1	458	Rhox9	0.061269146608315096	0.0007149986563783639	0.061269146608315096	0.002668048677492418	3	75	164.0	79.0	7.0	14.0
1	458	Rhox6	0.0700218818380744	0.00035989865253944494	0.07439824945295405	0.0019290567776114249	3	75	195.0	51.0	30.0	5.0
1	438	Gcm1	0.06636155606407322	0.00215711796443642	0.10068649885583524	0.020993848802300926	0	108	20.0	14.0	5.0	18.0
1	438	Batf3	0.057208237986270026	0.0025035164696743857	0.059496567505720827	0.011698822245082192	2	99	43.0	53.0	2.0	10.0
1	438	Foxa3	0.04805491990846682	0.0019314340898116853	0.054919908466819226	0.032682174122981966	4	62	4.0	70.0	1.0	1.0
1	438	Hand1	0.038901601830663615	0.0005983246908655765	0.05034324942791762	0.011441647597254006	2	99	45.0	85.0	37.0	33.0
1	438	Rhox9	0.057208237986270026	0.0006823000860747802	0.057208237986270026	0.0019104402410093843	2	99	199.0	62.0	33.0	10.0
1	438	Rhox6	0.07093821510297482	0.0011861524573300024	0.07093821510297482	0.00237755337686058	2	99	189.0	42.0	13.0	4.0
1	419	Gcm1	0.043062200956937795	0.001526051885764116	0.08851674641148324	0.034382063727008826	1	86	9.0	15.0	8.0	18.0
1	419	Batf3	0.045454545454545456	0.0034135371128934176	0.04784688995215311	0.016929996672518446	2	84	38.0	64.0	1.0	18.0
1	419	Foxa3	0.043062200956937795	0.002920151916744117	0.045454545454545456	0.035833534129634095	3	72	7.0	71.0	1.0	2.0
1	419	Hand1	0.03349282296650718	0.0007113926084013172	0.04066985645933014	0.01633908184457219	2	84	40.0	88.0	24.0	31.0
1	419	Rhox9	0.050239234449760764	0.0005851777907817287	0.050239234449760764	0.0030578408086927586	2	84	165.0	55.0	31.0	11.0
1	419	Rhox6	0.05980861244019139	0.0015375259600931696	0.06220095693779904	0.007848266841072597	2	84	80.0	37.0	7.0	4.0
1	395	Gcm1	0.027918781725888322	0.0009235220418232779	0.08375634517766496	0.016707353302075664	0	77	38.0	9.0	9.0	10.0
1	395	Batf3	0.017766497461928932	0.0008137327081799512	0.035532994923857864	0.008511902455406156	5	49	83.0	84.0	12.0	7.0
1	395	Foxa3	0.04060913705583756	0.0015370506710065744	0.04060913705583756	0.007956497591092855	4	52	93.0	63.0	3.0	1.0
1	395	Hand1	0.02284263959390863	0.0005554048643133	0.03045685279187817	0.011153304658942664	3	54	58.0	96.0	12.0	32.0
1	395	Rhox9	0.035532994923857864	0.0002518696477699849	0.03807106598984771	0.004901770837369706	3	54	131.0	74.0	37.0	21.0
1	395	Rhox6	0.050761421319796954	0.0008072745120832849	0.053299492385786795	0.006290282998152956	3	54	108.0	38.0	6.0	3.0
1	371	Gcm1	0.032432432432432434	0.0014355819233868015	0.07027027027027027	0.03131912400205083	2	64	9.0	12.0	9.0	8.0
1	371	Batf3	0.02972972972972973	0.002124075294807002	0.032432432432432434	0.008796601479528309	0	77	66.0	77.0	5.0	25.0
1	371	Foxa3	0.021621621621621623	0.0014282575258185014	0.024324324324324326	0.008774628286823408	4	44	67.0	97.0	7.0	4.0
1	371	Hand1	0.024324324324324326	0.0014648795136600016	0.02702702702702703	0.006225737933055006	0	77	98.0	91.0	16.0	30.0
1	371	Rhox9	0.03513513513513514	0.0009009009009009009	0.03513513513513514	0.007258477990185307	0	77	82.0	63.0	31.0	17.0
1	371	Rhox6	0.04594594594594595	0.001809126199370102	0.04594594594594595	0.005105105105105106	0	77	113.0	39.0	6.0	4.0
1	350	Gcm1	0.011461318051575931	0.00027171228139511903	0.05444126074498567	0.018888120409709185	1	64	20.0	18.0	15.0	18.0
1	350	Batf3	0.020057306590257878	0.0031699766162763886	0.022922636103151862	0.01375852188518921	0	73	34.0	87.0	2.0	29.0
1	350	Foxa3	0.022922636103151862	0.0011033165365741198	0.022922636103151862	0.005071962586042222	5	37	98.0	87.0	3.0	1.0
1	350	Hand1	0.017191977077363897	0.0008727727826631096	0.020057306590257878	0.006883377795343016	0	73	76.0	104.0	31.0	32.0
1	350	Rhox9	0.034383954154727794	0.0019349207917531204	0.034383954154727794	0.006142344300629055	0	73	87.0	47.0	11.0	9.0
1	350	Rhox6	0.040114613180515755	0.0021572308401673086	0.040114613180515755	0.010432104864473206	0	73	49.0	33.0	10.0	5.0
1	322	Gcm1	0.01557632398753894	0.00038940809968847356	0.04672897196261682	0.01477803738317757	0	69	38.0	19.0	16.0	18.0
1	322	Batf3	0.009345794392523364	0.0006327881619937695	0.021806853582554516	0.025749610591900313	6	26	12.0	70.0	3.0	5.0
1	322	Foxa3	0.018691588785046728	0.0011682242990654207	0.018691588785046728	0.005675623052959502	5	30	87.0	88.0	3.0	2.0
1	322	Hand1	0.012461059190031152	0.0007593457943925234	0.01557632398753894	0.005802180685358256	2	50	86.0	107.0	21.0	30.0
1	322	Rhox9	0.03115264797507788	0.0014700155763239875	0.03115264797507788	0.006921728971962617	2	50	75.0	45.0	9.0	7.0
1	322	Rhox6	0.037383177570093455	0.0014116043613707167	0.037383177570093455	0.010523753894080997	2	50	57.0	31.0	10.0	3.0
1	259	Gcm1	0.015503875968992248	6.032636563810213e-05	0.04263565891472868	0.021928633909450126	7	21	33.0	22.0	12.0	5.0
1	259	Batf3	0.011627906976744186	0.0004976925165143426	0.023255813953488372	0.023949567158326544	5	25	26.0	63.0	4.0	5.0
1	259	Foxa3	0.015503875968992248	0.0006937532048381745	0.01937984496124031	0.007088347962477	4	31	84.0	78.0	11.0	4.0
1	259	Hand1	0.011627906976744186	0.0	0.011627906976744186	0.004464151057219558	1	42	102.0	128.0	42.0	28.0
1	259	Rhox9	0.023255813953488372	0.000226223871142883	0.023255813953488372	0.005519862455886345	1	42	92.0	63.0	28.0	14.0
1	259	Rhox6	0.046511627906976744	0.0029559919162670044	0.046511627906976744	0.022019123457907276	1	42	32.0	19.0	1.0	1.0
1	242	Gcm1	0.016597510373443983	0.0	0.03319502074688797	0.028665283540802212	5	21	24.0	33.0	21.0	9.0
1	242	Batf3	0.016597510373443983	0.0024204702627939143	0.02074688796680498	0.012586445366528354	1	55	56.0	63.0	16.0	20.0
1	242	Foxa3	0.016597510373443983	0.0006224066390041493	0.016597510373443983	0.008938450899031811	4	26	71.0	84.0	5.0	3.0
1	242	Hand1	0.008298755186721992	0.001037344398340249	0.008298755186721992	0.03890041493775934	1	55	14.0	140.0	26.0	35.0
1	242	Rhox9	0.02074688796680498	0.0012621023513139696	0.02074688796680498	0.013105117565698479	1	55	54.0	63.0	24.0	17.0
1	242	Rhox6	0.03319502074688797	0.005497925311203319	0.03319502074688797	0.027420470262793914	1	55	25.0	33.0	2.0	5.0
1	216	Gcm1	0.013953488372093023	0.0	0.027906976744186046	0.04870680286894154	6	11	11.0	36.0	11.0	5.0
1	216	Batf3	0.013953488372093023	0.0005650945446642034	0.018604651162790697	0.018908932840686808	1	37	49.0	66.0	17.0	10.0
1	216	Foxa3	0.009302325581395349	0.000369484894588133	0.009302325581395349	0.0038252553792653774	5	21	98.0	124.0	8.0	12.0
1	216	Hand1	0.004651162790697674	0.0	0.009302325581395349	0.04149098022169094	0	42	15.0	124.0	42.0	31.0
1	216	Rhox9	0.023255813953488372	0.0016735492284286025	0.023255813953488372	0.0699847859161052	0	42	5.0	48.0	12.0	8.0
1	216	Rhox6	0.018604651162790697	0.003477504890241252	0.018604651162790697	0.027798304716366008	0	42	28.0	66.0	4.0	11.0
1	186	Gcm1	0.005405405405405406	0.0	0.010810810810810811	0.005522914218566393	7	12	74.0	104.0	12.0	10.0
1	186	Batf3	0.016216216216216217	0.00041128084606345473	0.021621621621621623	0.033460634547591066	4	23	21.0	46.0	5.0	7.0
1	186	Foxa3	0.010810810810810811	0.0003231492361927144	0.010810810810810811	0.003936545240893067	5	16	89.0	104.0	5.0	8.0
1	186	Hand1	0.005405405405405406	0.0	0.005405405405405406	0.017332549941245595	4	23	45.0	146.0	23.0	16.0
1	186	Rhox9	0.021621621621621623	0.0031139835487661574	0.021621621621621623	0.09609283196239718	0	32	4.0	46.0	7.0	7.0
1	166	Gcm1	0.006060606060606061	0.0004065040650406504	0.006060606060606061	0.0031042128603104213	6	13	79.0	135.0	5.0	11.0
1	166	Batf3	0.006060606060606061	0.0	0.006060606060606061	0.06921655580192165	4	18	11.0	135.0	18.0	15.0
1	166	Foxa3	0.012121212121212121	0.0005543237250554324	0.012121212121212121	0.003991130820399113	3	24	74.0	86.0	8.0	12.0
1	166	Hand1	0.0	0.0	0.0	0.0	0	29	166.0	166.0	29.0	29.0
1	166	Rhox9	0.01818181818181818	0.0050628233555062825	0.01818181818181818	0.08983739837398375	0	29	7.0	44.0	4.0	6.0
1	145	Gcm1	0.0	0.0	0.006944444444444444	0.003108003108003108	3	16	72.0	117.0	16.0	16.0
1	145	Batf3	0.006944444444444444	0.0006798756798756799	0.006944444444444444	0.07891414141414141	6	14	10.0	117.0	3.0	11.0
1	145	Foxa3	0.013888888888888888	0.00043706293706293706	0.013888888888888888	0.004564879564879565	5	15	70.0	68.0	7.0	6.0
1	145	Hand1	0.0	0.0	0.0	0.0	1	25	145.0	145.0	25.0	25.0
1	145	Rhox9	0.013888888888888888	0.0008741258741258741	0.013888888888888888	0.09455128205128205	1	25	9.0	68.0	5.0	9.0
1	130	Gcm1	0.0	0.0	0.007751937984496124	0.002180232558139535	2	20	49.0	93.0	20.0	20.0
1	130	Batf3	0.0	0.0	0.0	0.0	5	10	130.0	130.0	10.0	10.0
1	130	Foxa3	0.015503875968992248	0.00024224806201550387	0.015503875968992248	0.0006661821705426356	4	18	56.0	48.0	4.0	4.0
1	130	Hand1	0.0	0.0	0.0	0.0	3	20	130.0	130.0	20.0	20.0
1	130	Rhox9	0.015503875968992248	0.0009689922480620155	0.015503875968992248	0.050387596899224806	3	20	9.0	48.0	4.0	6.0
1	115	Gcm1	0.008771929824561403	0.0	0.008771929824561403	0.0019406924390622574	5	9	41.0	80.0	9.0	7.0
1	115	Batf3	0.0	0.0	0.0	0.0	0	20	115.0	115.0	20.0	20.0
1	115	Foxa3	0.017543859649122806	0.0002328830926874709	0.017543859649122806	0.0006210215804999224	4	14	47.0	42.0	4.0	4.0
1	115	Hand1	0.0	0.0	0.0	0.0	2	19	115.0	115.0	19.0	19.0
1	115	Rhox9	0.017543859649122806	0.0008539046731873933	0.017543859649122806	0.02647104486880919	2	19	10.0	42.0	4.0	6.0
1	77	Gcm1	0.0	0.0	0.013157894736842105	0.004210526315789474	3	9	19.0	49.0	9.0	9.0
1	77	Batf3	0.0	0.0	0.0	0.0	1	11	77.0	77.0	11.0	11.0
1	63	Gcm1	0.016129032258064516	0.0010576414595452142	0.016129032258064516	0.005288207297726071	3	8	20.0	40.0	3.0	5.0
1	63	Batf3	0.0	0.0	0.0	0.0	1	10	63.0	63.0	10.0	10.0
1	52	Gcm1	0.0196078431372549	0.001568627450980392	0.0196078431372549	0.007058823529411764	2	8	18.0	30.0	3.0	5.0
1	52	Batf3	0.0	0.0	0.0	0.0	1	9	52.0	52.0	9.0	9.0
1	52	Gcm1	0.0196078431372549	0.001568627450980392	0.0196078431372549	0.007058823529411764	2	8	18.0	30.0	3.0	5.0
1	52	Batf3	0.0	0.0	0.0	0.0	1	9	52.0	52.0	9.0	9.0
1	52	Gcm1	0.0196078431372549	0.001568627450980392	0.0196078431372549	0.007058823529411764	2	8	18.0	30.0	3.0	5.0
1	52	Batf3	0.0	0.0	0.0	0.0	1	9	52.0	52.0	9.0	9.0
2	505	Gcm1	0.08134920634920634	0.0015265549559784152	0.1388888888888889	0.012800183028811259	0	167	20.0	10.0	25.0	17.0
2	505	Foxa3	0.061507936507936505	0.003376566000820474	0.07142857142857142	0.014445075578276373	0	167	18.0	71.0	2.0	38.0
2	505	Hand1	0.04563492063492063	0.0004575720281485689	0.07539682539682539	0.007865505380415918	2	101	58.0	61.0	24.0	41.0
2	505	Batf3	0.057539682539682536	0.000891476537599798	0.06944444444444445	0.005628924863517308	2	101	91.0	81.0	10.0	32.0
2	505	Rhox9	0.06746031746031746	0.00013806052573448198	0.06746031746031746	0.0002879548108176339	2	101	293.0	91.0	70.0	17.0
2	505	Rhox6	0.061507936507936505	0.0002879548108176339	0.061507936507936505	0.0006508567641768437	2	101	254.0	110.0	47.0	26.0
2	474	Gcm1	0.0824524312896406	0.0009182284014763322	0.13107822410147993	0.012528218726484396	1	144	25.0	8.0	42.0	10.0
2	474	Foxa3	0.05073995771670191	0.002253018955817537	0.06342494714587738	0.015583007847493462	1	144	15.0	71.0	6.0	36.0
2	474	Hand1	0.046511627906976744	0.0009809366825527647	0.059196617336152224	0.0052988497509585415	2	99	113.0	92.0	13.0	38.0
2	474	Batf3	0.052854122621564484	0.0009540617049485793	0.06342494714587738	0.0054197871501773754	2	99	105.0	71.0	14.0	28.0
2	474	Rhox9	0.06765327695560254	0.00041208298993084176	0.06765327695560254	0.0007569785358512202	2	99	248.0	59.0	42.0	5.0
2	474	Rhox6	0.0613107822410148	0.0005285412262156448	0.0613107822410148	0.0018409359658866952	2	99	194.0	82.0	30.0	16.0
2	446	Gcm1	0.06966292134831462	0.00296082599453386	0.10786516853932585	0.019075817390424132	0	183	20.0	12.0	15.0	16.0
2	446	Foxa3	0.04943820224719102	0.002373722036643385	0.05617977528089888	0.01153456827614131	1	100	39.0	70.0	4.0	19.0
2	446	Hand1	0.038202247191011236	0.0007136349832979047	0.04719101123595506	0.006098795424638121	2	90	97.0	107.0	24.0	37.0
2	446	Batf3	0.04943820224719102	0.0008199210446401458	0.06067415730337079	0.007521004150217634	2	90	80.0	57.0	18.0	23.0
2	446	Rhox9	0.0651685393258427	0.0004200830043526673	0.0651685393258427	0.0015133110638728617	2	90	209.0	47.0	47.0	3.0
2	446	Rhox6	0.05393258426966292	0.00044538920943415326	0.05393258426966292	0.0014120862435469178	2	90	214.0	84.0	46.0	17.0
2	425	Gcm1	0.06132075471698113	0.0022190998706454346	0.08726415094339622	0.016821669119942907	0	168	33.0	15.0	19.0	16.0
2	425	Foxa3	0.03773584905660377	0.0005129577590436684	0.04009433962264151	0.009060395200499578	2	82	70.0	101.0	29.0	20.0
2	425	Hand1	0.025943396226415092	0.0011541549578482537	0.0330188679245283	0.006724207145724609	1	93	102.0	117.0	13.0	42.0
2	425	Batf3	0.04481132075471698	0.0014719657433427005	0.05660377358490566	0.012087961104420359	1	93	51.0	47.0	5.0	24.0
2	425	Rhox9	0.05660377358490566	0.0004237477139925956	0.05660377358490566	0.0015109951380525449	1	93	210.0	47.0	57.0	5.0
2	425	Rhox6	0.051886792452830184	0.0006523484544359695	0.051886792452830184	0.0013939069539230119	1	93	214.0	65.0	38.0	11.0
2	405	Gcm1	0.04702970297029703	0.0004852222194924207	0.07425742574257425	0.021933272731739676	1	105	23.0	22.0	54.0	20.0
2	405	Foxa3	0.0297029702970297	0.0008905977446379874	0.03217821782178218	0.00931135297152544	1	105	84.0	103.0	34.0	38.0
2	405	Hand1	0.019801980198019802	0.0012222686288479966	0.0297029702970297	0.01356779598555389	3	60	56.0	108.0	1.0	37.0
2	405	Batf3	0.034653465346534656	0.0009950126526300273	0.05198019801980198	0.011872589244036067	3	60	64.0	42.0	2.0	20.0
2	405	Rhox9	0.054455445544554455	0.0004852222194924207	0.054455445544554455	0.001375819964130408	3	60	222.0	36.0	23.0	2.0
2	405	Rhox6	0.04702970297029703	0.0006326315013635359	0.04702970297029703	0.002671793233913962	3	60	182.0	55.0	14.0	11.0
2	386	Gcm1	0.02857142857142857	0.000872564935064935	0.05714285714285714	0.019338474025974026	2	63	40.0	26.0	13.0	8.0
2	386	Foxa3	0.02077922077922078	0.0020359848484848486	0.03116883116883117	0.01323728354978355	4	60	56.0	84.0	9.0	4.0
2	386	Hand1	0.01038961038961039	0.0003990800865800866	0.015584415584415584	0.004775432900432901	6	30	140.0	159.0	5.0	11.0
2	386	Batf3	0.015584415584415584	0.0002435064935064935	0.04935064935064935	0.029051677489177488	6	30	24.0	35.0	7.0	7.0
2	386	Rhox9	0.046753246753246755	0.0006831709956709957	0.046753246753246755	0.003557900432900433	5	45	170.0	43.0	3.0	3.0
2	386	Rhox6	0.03116883116883117	0.0004667207792207792	0.03636363636363636	0.0018533549783549784	5	45	203.0	72.0	12.0	18.0
2	369	Gcm1	0.029891304347826088	0.0003998341428740671	0.04076086956521739	0.028558523871579197	0	82	21.0	42.0	39.0	31.0
2	369	Foxa3	0.021739130434782608	0.0018807013387039451	0.021739130434782608	0.005642104016111835	3	52	123.0	98.0	7.0	2.0
2	369	Hand1	0.01358695652173913	0.0008589029735813292	0.01358695652173913	0.004116810804407061	4	51	147.0	153.0	15.0	12.0
2	369	Batf3	0.029891304347826088	0.003946511076886625	0.043478260869565216	0.03427467124748253	4	51	15.0	35.0	1.0	2.0
2	369	Rhox9	0.04619565217391304	0.0014882715318090274	0.04619565217391304	0.007241440587608104	5	44	107.0	30.0	1.0	2.0
2	369	Rhox6	0.02717391304347826	0.00036281246297832013	0.029891304347826088	0.0021546617699324724	5	44	170.0	73.0	16.0	20.0
2	345	Gcm1	0.00872093023255814	4.2375754288426336e-05	0.03488372093023256	0.005839378940945149	0	66	124.0	45.0	20.0	21.0
2	345	Foxa3	0.020348837209302327	0.0010424435554952879	0.020348837209302327	0.006788595837005899	5	39	112.0	90.0	4.0	2.0
2	345	Hand1	0.011627906976744186	0.0013390738355142722	0.014534883720930232	0.019848803308698895	1	59	53.0	121.0	10.0	36.0
2	345	Batf3	0.029069767441860465	0.002754424028747712	0.03197674418604651	0.049689809478608724	1	59	17.0	54.0	1.0	17.0
2	345	Rhox9	0.040697674418604654	0.0023645670892941894	0.040697674418604654	0.011077022170994644	1	59	89.0	34.0	3.0	5.0
2	345	Rhox6	0.026162790697674417	0.0008051393314801004	0.026162790697674417	0.0029154518950437317	1	59	152.0	72.0	20.0	21.0
2	328	Gcm1	0.009174311926605505	0.000712932215155438	0.03363914373088685	0.018142248738297593	0	80	28.0	36.0	18.0	28.0
2	328	Foxa3	0.01834862385321101	0.0014352451173523949	0.01834862385321101	0.005281326804375152	3	44	97.0	85.0	6.0	3.0
2	328	Hand1	0.01529051987767584	0.000703551528113919	0.01529051987767584	0.013311194911915347	5	38	44.0	100.0	8.0	5.0
2	328	Batf3	0.01834862385321101	0.0013414382469372056	0.027522935779816515	0.034792968236993675	5	38	7.0	51.0	5.0	2.0
2	328	Rhox9	0.03363914373088685	0.0010787790097746758	0.03363914373088685	0.012101086283559407	4	43	45.0	36.0	5.0	4.0
2	328	Rhox6	0.01834862385321101	0.000356466107577719	0.01834862385321101	0.000825500459653665	4	43	166.0	85.0	22.0	20.0
2	296	Gcm1	0.013559322033898305	0.0003113109650639917	0.03389830508474576	0.0266805027095584	0	63	20.0	29.0	18.0	18.0
2	296	Foxa3	0.013559322033898305	0.0017179753257235099	0.013559322033898305	0.011656866136285023	1	45	52.0	100.0	5.0	4.0
2	296	Hand1	0.010169491525423728	0.0003113109650639917	0.013559322033898305	0.011852876743917906	7	16	51.0	100.0	4.0	7.0
2	296	Batf3	0.01694915254237288	0.0007725123947884239	0.023728813559322035	0.04165801913985934	7	16	8.0	56.0	2.0	3.0
2	296	Rhox9	0.030508474576271184	0.0007840424305315347	0.030508474576271184	0.01649948114839156	3	40	33.0	39.0	13.0	3.0
2	296	Rhox6	0.020338983050847456	0.00048426150121065375	0.020338983050847456	0.00431223336792344	3	40	112.0	69.0	21.0	14.0
2	236	Gcm1	0.025531914893617023	0.0015275504637206766	0.03829787234042553	0.0414257137661393	4	24	15.0	24.0	3.0	5.0
2	236	Foxa3	0.01702127659574468	0.001054737224949991	0.01702127659574468	0.01071103837061284	5	21	71.0	80.0	4.0	3.0
2	236	Hand1	0.012765957446808512	0.0006728496090198218	0.01702127659574468	0.04540825604655392	6	17	14.0	80.0	4.0	6.0
2	236	Batf3	0.01702127659574468	0.0008183306055646482	0.029787234042553193	0.05110020003637025	6	17	11.0	40.0	2.0	5.0
2	236	Rhox9	0.03404255319148936	0.002418621567557738	0.03404255319148936	0.04137115839243499	1	39	16.0	30.0	6.0	2.0
2	236	Rhox6	0.02127659574468085	0.0023276959447172214	0.02127659574468085	0.01038370612838698	1	39	73.0	69.0	7.0	11.0
2	207	Gcm1	0.02427184466019417	0.0011366327255505565	0.038834951456310676	0.05723419370116031	4	18	9.0	20.0	3.0	6.0
2	207	Foxa3	0.019417475728155338	0.0010419133317546767	0.019417475728155338	0.012053042860525692	6	15	59.0	66.0	3.0	3.0
2	207	Hand1	0.009708737864077669	0.0003788775751835188	0.014563106796116504	0.06410134975136159	5	18	7.0	88.0	5.0	8.0
2	207	Batf3	0.014563106796116504	0.0005446365143263084	0.014563106796116504	0.006654037414160549	5	18	85.0	88.0	3.0	5.0
2	207	Rhox9	0.02427184466019417	0.001941747572815534	0.02427184466019417	0.08145867866445655	1	35	4.0	49.0	8.0	5.0
2	207	Rhox6	0.014563106796116504	0.001894387875917594	0.014563106796116504	0.03414634146341464	1	35	28.0	88.0	9.0	15.0
2	182	Gcm1	0.016574585635359115	0.001565377532228361	0.03867403314917127	0.06206261510128914	5	20	16.0	18.0	3.0	8.0
2	182	Foxa3	0.011049723756906077	0.00021485573971761817	0.011049723756906077	0.011571516267648865	3	21	65.0	101.0	9.0	9.0
2	182	Hand1	0.016574585635359115	0.0015960712093308778	0.016574585635359115	0.12111724984653162	4	20	3.0	71.0	2.0	5.0
2	182	Batf3	0.0055248618784530384	0.00046040515653775324	0.0055248618784530384	0.004972375690607735	4	20	88.0	145.0	6.0	16.0
2	182	Rhox9	0.022099447513812154	0.0	0.022099447513812154	0.1078268876611418	1	32	5.0	49.0	32.0	7.0
2	182	Rhox6	0.011049723756906077	0.0019030079803560467	0.011049723756906077	0.0020257826887661143	1	32	103.0	101.0	15.0	22.0
2	169	Gcm1	0.011904761904761904	0.0008197889934416881	0.02976190476190476	0.031472768748217854	3	18	11.0	22.0	5.0	12.0
2	169	Foxa3	0.005952380952380952	0.0011049329911605361	0.005952380952380952	0.0034930139720558886	0	38	74.0	135.0	20.0	32.0
2	169	Hand1	0.005952380952380952	0.0	0.005952380952380952	0.007556315939549473	5	12	53.0	135.0	12.0	10.0
2	169	Batf3	0.005952380952380952	0.00024950099800399205	0.005952380952380952	0.00409894496720844	5	12	67.0	135.0	4.0	10.0
2	169	Rhox9	0.017857142857142856	0.0	0.017857142857142856	0.0	1	33	169.0	56.0	33.0	8.0
2	169	Rhox6	0.011904761904761904	0.0009623609923011122	0.011904761904761904	0.0009623609923011122	1	33	88.0	83.0	18.0	17.0
2	122	Gcm1	0.024793388429752067	0.0021349862258953165	0.04132231404958678	0.04146005509641873	2	18	21.0	17.0	4.0	8.0
2	122	Foxa3	0.008264462809917356	0.0019283746556473828	0.008264462809917356	0.006198347107438016	0	35	58.0	92.0	20.0	29.0
2	122	Hand1	0.008264462809917356	0.0	0.008264462809917356	0.014531680440771348	5	8	45.0	92.0	8.0	7.0
2	122	Batf3	0.008264462809917356	0.00041322314049586776	0.008264462809917356	0.007369146005509641	5	8	55.0	92.0	3.0	7.0
2	110	Gcm1	0.01834862385321101	0.0012742099898063201	0.027522935779816515	0.028542303771661573	4	12	29.0	32.0	4.0	7.0
2	110	Foxa3	0.009174311926605505	0.0014441046551138296	0.009174311926605505	0.007050628610261639	0	24	57.0	87.0	14.0	19.0
2	110	Hand1	0.009174311926605505	0.0	0.009174311926605505	0.01342167855929324	5	8	49.0	87.0	8.0	7.0
2	110	Batf3	0.009174311926605505	0.0004247366632687734	0.009174311926605505	0.00815494393476045	5	8	53.0	87.0	4.0	7.0
2	101	Gcm1	0.03	0.00040404040404040404	0.03	0.013737373737373737	0	21	25.0	23.0	7.0	3.0
2	101	Foxa3	0.01	0.0011111111111111111	0.01	0.0011111111111111111	2	17	44.0	73.0	8.0	15.0
2	101	Hand1	0.0	0.0	0.0	0.0	6	7	101.0	101.0	7.0	7.0
2	101	Batf3	0.0	0.0	0.0	0.0	6	7	101.0	101.0	7.0	7.0
2	89	Gcm1	0.011363636363636364	0.00026123301985370953	0.022727272727272728	0.006400208986415884	6	6	29.0	30.0	2.0	4.0
2	89	Foxa3	0.0	0.0	0.0	0.0	2	15	89.0	89.0	15.0	15.0
2	89	Hand1	0.0	0.0	0.0	0.0	5	7	89.0	89.0	7.0	7.0
2	89	Batf3	0.0	0.0	0.0	0.0	5	7	89.0	89.0	7.0	7.0
2	78	Gcm1	0.012987012987012988	0.000683526999316473	0.012987012987012988	0.0029049897470950106	1	13	24.0	54.0	7.0	11.0
2	78	Foxa3	0.0	0.0	0.0	0.0	4	9	78.0	78.0	9.0	9.0
2	78	Hand1	0.0	0.0	0.0	0.0	6	6	78.0	78.0	6.0	6.0
2	52	Gcm1	0.0196078431372549	0.00196078431372549	0.0196078431372549	0.005490196078431373	2	9	15.0	36.0	3.0	7.0
3	435	Gcm1	0.06221198156682028	0.0012026266216834643	0.09907834101382489	0.018151147816647333	1	104	24.0	11.0	18.0	14.0
3	435	Batf3	0.018433179723502304	0.0005640638137099435	0.03456221198156682	0.015948106129138682	4	61	34.0	115.0	8.0	40.0
3	435	Hand1	0.027649769585253454	0.0006598482349059716	0.04377880184331797	0.014154808910079713	4	61	52.0	81.0	4.0	31.0
3	435	Rhox6	0.04838709677419355	0.00014899798852715488	0.04838709677419355	0.0005427783867774928	4	61	256.0	73.0	42.0	14.0
3	435	Rhox9	0.059907834101382486	0.0005800278839092815	0.06221198156682028	0.0018039399325251964	4	61	199.0	43.0	6.0	2.0
3	435	Foxa3	0.04377880184331797	0.0008833452176967039	0.05069124423963134	0.030214663530613764	2	69	8.0	60.0	20.0	1.0
3	413	Gcm1	0.050970873786407765	0.0005374058063449318	0.07281553398058252	0.01971865920204096	1	95	30.0	19.0	38.0	17.0
3	413	Batf3	0.019417475728155338	0.0008149670469846219	0.03155339805825243	0.012643800344884604	5	44	59.0	98.0	5.0	6.0
3	413	Hand1	0.012135922330097085	0.0001063000496066898	0.02669902912621359	0.005208702430727801	5	44	123.0	115.0	18.0	13.0
3	413	Rhox6	0.04368932038834951	0.00040748352349231096	0.04854368932038834	0.002639784565232797	4	48	177.0	53.0	11.0	8.0
3	413	Rhox9	0.04854368932038834	0.00036614461531193156	0.0558252427184466	0.0035374294285781776	4	48	148.0	39.0	15.0	3.0
3	413	Foxa3	0.038834951456310676	0.001269695036968795	0.046116504854368925	0.046193277112418205	3	61	4.0	57.0	11.0	1.0
3	382	Gcm1	0.023622047244094488	0.0004973062577704103	0.06299212598425197	0.02981765437215085	5	43	10.0	19.0	10.0	9.0
3	382	Batf3	0.01837270341207349	0.0003937007874015748	0.026246719160104987	0.018800939356264677	6	38	24.0	98.0	9.0	4.0
3	382	Hand1	0.010498687664041995	0.00044205000690703135	0.02099737532808399	0.009048211078878298	6	38	68.0	119.0	8.0	14.0
3	382	Rhox6	0.04199475065616798	0.0007666804807293825	0.047244094488188976	0.006900124326564443	4	47	87.0	40.0	5.0	2.0
3	382	Rhox9	0.03674540682414698	0.0002693742229589722	0.03937007874015748	0.001153474236773035	4	47	203.0	61.0	25.0	13.0
3	382	Foxa3	0.03674540682414698	0.0019754109683657963	0.04199475065616798	0.017557673711838653	2	59	30.0	53.0	5.0	2.0
3	351	Gcm1	0.02	0.0007449856733524356	0.05142857142857143	0.021711011051985266	0	68	27.0	24.0	19.0	14.0
3	351	Batf3	0.008571428571428572	0.00022922636103151864	0.022857142857142857	0.02531313958248056	6	23	22.0	92.0	6.0	9.0
3	351	Hand1	0.011428571428571429	0.0003847728203029063	0.017142857142857144	0.0013098649201801066	1	53	183.0	116.0	32.0	35.0
3	351	Rhox6	0.037142857142857144	0.0009250920998772002	0.037142857142857144	0.014801473598035204	1	53	40.0	52.0	11.0	7.0
3	351	Rhox9	0.04285714285714286	0.0010397052803929596	0.04285714285714286	0.00411788784281621	1	53	121.0	37.0	9.0	2.0
3	351	Foxa3	0.04	0.0020712239050347933	0.04285714285714286	0.08538681948424069	4	46	1.0	37.0	3.0	1.0
3	327	Gcm1	0.018404907975460124	0.0011042944785276073	0.046012269938650305	0.03517697026899481	1	51	16.0	21.0	8.0	13.0
3	327	Batf3	0.009202453987730062	0.0003964134025483719	0.015337423312883436	0.00829636621047664	7	28	75.0	107.0	6.0	11.0
3	327	Hand1	0.012269938650306749	0.0003020292590844738	0.015337423312883436	0.003596035865974516	7	28	122.0	107.0	9.0	7.0
3	327	Rhox6	0.018404907975460124	0.000632373761208117	0.027607361963190184	0.015280792826805096	3	41	46.0	59.0	13.0	19.0
3	327	Rhox9	0.03680981595092025	0.00049079754601227	0.03680981595092025	0.00636149126946673	3	41	100.0	36.0	20.0	2.0
3	327	Foxa3	0.03067484662576687	0.0022652194431335535	0.03067484662576687	0.07254365266635206	5	39	3.0	52.0	2.0	1.0
3	266	Gcm1	0.01509433962264151	0.00010005717552887364	0.04150943396226415	0.020154373927958835	7	15	33.0	25.0	8.0	6.0
3	266	Batf3	0.011320754716981133	0.0008862206975414522	0.01509433962264151	0.009977129788450542	0	43	66.0	98.0	8.0	13.0
3	266	Hand1	0.007547169811320755	0.00010005717552887364	0.011320754716981133	0.008290451686678102	6	18	71.0	116.0	13.0	9.0
3	266	Rhox6	0.011320754716981133	0.0012149799885648942	0.018867924528301886	0.015051457975986277	2	38	44.0	78.0	7.0	26.0
3	266	Rhox9	0.03018867924528302	0.0008433390508862207	0.03018867924528302	0.011963979416809606	2	38	52.0	51.0	14.0	6.0
3	266	Foxa3	0.033962264150943396	0.0029016580903373354	0.033962264150943396	0.016923956546598055	4	35	40.0	43.0	2.0	1.0
3	227	Gcm1	0.02654867256637168	0.000904621435594887	0.04424778761061947	0.029793510324483775	6	22	30.0	17.0	3.0	5.0
3	227	Batf3	0.008849557522123894	0.0	0.008849557522123894	0.011327433628318584	5	24	63.0	128.0	24.0	11.0
3	227	Hand1	0.008849557522123894	0.0005309734513274337	0.01327433628318584	0.017561455260570305	5	24	45.0	100.0	4.0	11.0
3	227	Rhox6	0.008849557522123894	0.0009636184857423795	0.01327433628318584	0.040825958702064895	0	37	22.0	100.0	17.0	27.0
3	227	Rhox9	0.02654867256637168	0.0010619469026548673	0.02654867256637168	0.011563421828908554	0	37	60.0	51.0	15.0	6.0
3	227	Foxa3	0.02654867256637168	0.0016912487708947886	0.030973451327433628	0.01801376597836775	3	26	44.0	38.0	5.0	4.0
3	208	Gcm1	0.01932367149758454	0.00021105951878429716	0.03864734299516908	0.013343651798696121	6	13	59.0	18.0	7.0	3.0
3	208	Batf3	0.00966183574879227	0.0	0.00966183574879227	0.017963510154307957	4	27	50.0	117.0	27.0	12.0
3	208	Hand1	0.004830917874396135	0.0004690211528539937	0.00966183574879227	0.03233900848928287	4	27	25.0	117.0	6.0	23.0
3	208	Rhox6	0.00966183574879227	0.0024154589371980675	0.014492753623188404	0.09157638009474227	1	36	6.0	81.0	12.0	26.0
3	208	Rhox9	0.024154589371980676	0.0037521692228319496	0.024154589371980676	0.039749542704375966	1	36	20.0	47.0	6.0	5.0
3	208	Foxa3	0.014492753623188404	0.002767224801838563	0.01932367149758454	0.02019136063036443	2	34	44.0	60.0	7.0	9.0
3	181	Gcm1	0.022222222222222223	0.00024829298572315333	0.03333333333333333	0.02638112973308504	6	12	34.0	21.0	3.0	3.0
3	181	Batf3	0.011111111111111112	0.0	0.011111111111111112	0.028770949720670392	3	25	29.0	96.0	25.0	11.0
3	181	Hand1	0.005555555555555556	0.00012414649286157667	0.005555555555555556	0.004283054003724395	7	7	87.0	143.0	4.0	6.0
3	181	Rhox6	0.005555555555555556	0.002203600248292986	0.005555555555555556	0.05338299193047796	2	30	14.0	143.0	11.0	28.0
3	181	Rhox9	0.022222222222222223	0.002451893234016139	0.022222222222222223	0.005679702048417132	2	30	75.0	45.0	9.0	5.0
3	181	Foxa3	0.016666666666666666	0.0027312228429546867	0.016666666666666666	0.017690875232774676	0	32	50.0	62.0	10.0	5.0
3	159	Gcm1	0.012658227848101266	0.0001612513101668951	0.0189873417721519	0.007095057647343385	6	17	64.0	45.0	9.0	9.0
3	159	Batf3	0.006329113924050633	0.001088446343626542	0.006329113924050633	0.09691203741030395	4	22	10.0	124.0	5.0	16.0
3	159	Hand1	0.0	0.0	0.0	0.0	4	22	159.0	159.0	22.0	22.0
3	159	Rhox6	0.006329113924050633	0.0014915746190437796	0.006329113924050633	0.11622188180278964	2	24	6.0	124.0	14.0	23.0
3	159	Rhox9	0.0189873417721519	0.0011690719987099895	0.0189873417721519	0.004998790615173748	2	24	70.0	45.0	15.0	4.0
3	159	Foxa3	0.0189873417721519	0.0012900104813351608	0.0189873417721519	0.009191324679513021	0	28	59.0	45.0	9.0	5.0
3	131	Gcm1	0.023076923076923078	0.0018485390578413835	0.023076923076923078	0.015146094215861657	4	15	36.0	34.0	3.0	6.0
3	131	Batf3	0.007692307692307693	0.0007155635062611807	0.007692307692307693	0.009540846750149075	6	11	45.0	106.0	5.0	9.0
3	131	Hand1	0.0	0.0	0.0	0.0	6	11	131.0	131.0	11.0	11.0
3	131	Rhox6	0.0	0.0	0.0	0.0	1	23	131.0	131.0	23.0	23.0
3	131	Rhox9	0.023076923076923078	0.0015503875968992248	0.023076923076923078	0.0015503875968992248	1	23	63.0	34.0	6.0	2.0
3	131	Foxa3	0.007692307692307693	5.9630292188431724e-05	0.007692307692307693	5.9630292188431724e-05	0	25	72.0	106.0	10.0	18.0
3	107	Gcm1	0.018867924528301886	0.0010781671159029648	0.018867924528301886	0.01527403414195867	3	11	21.0	43.0	3.0	5.0
3	107	Batf3	0.009433962264150943	0.0	0.009433962264150943	0.0	4	11	107.0	78.0	11.0	9.0
3	107	Hand1	0.0	0.0	0.0	0.0	4	11	107.0	107.0	11.0	11.0
3	107	Rhox9	0.02830188679245283	0.0	0.02830188679245283	0.0	5	9	107.0	25.0	9.0	1.0
3	107	Foxa3	0.009433962264150943	8.984725965858041e-05	0.009433962264150943	8.984725965858041e-05	6	8	44.0	78.0	1.0	3.0
3	78	Gcm1	0.025974025974025976	0.002392344497607656	0.025974025974025976	0.015037593984962407	7	7	14.0	32.0	1.0	3.0
3	78	Batf3	0.012987012987012988	0.0	0.012987012987012988	0.0	0	13	78.0	57.0	13.0	9.0
3	78	Hand1	0.0	0.0	0.0	0.0	0	13	78.0	78.0	13.0	13.0
3	73	Gcm1	0.027777777777777776	0.0013693270735524257	0.027777777777777776	0.006064162754303599	7	6	23.0	28.0	1.0	2.0
3	73	Batf3	0.013888888888888888	0.0	0.013888888888888888	0.0	0	13	73.0	53.0	13.0	9.0
3	73	Hand1	0.0	0.0	0.0	0.0	0	13	73.0	73.0	13.0	13.0
3	62	Gcm1	0.03278688524590164	0.001092896174863388	0.03278688524590164	0.0049180327868852455	7	5	22.0	21.0	1.0	1.0
3	62	Batf3	0.01639344262295082	0.0	0.01639344262295082	0.0	0	12	62.0	46.0	12.0	9.0
3	62	Hand1	0.0	0.0	0.0	0.0	0	12	62.0	62.0	12.0	12.0
3	45	Gcm1	0.045454545454545456	0.0021141649048625794	0.045454545454545456	0.008456659619450317	5	5	14.0	15.0	1.0	1.0
3	45	Batf3	0.022727272727272728	0.0	0.022727272727272728	0.0	0	11	45.0	32.0	11.0	9.0
3	45	Hand1	0.0	0.0	0.0	0.0	0	11	45.0	45.0	11.0	11.0
3	29	Gcm1	0.03571428571428571	0.0026455026455026454	0.03571428571428571	0.017195767195767195	3	4	10.0	20.0	2.0	3.0
3	29	Batf3	0.03571428571428571	0.0	0.03571428571428571	0.0	5	2	29.0	20.0	2.0	1.0
3	29	Gcm1	0.03571428571428571	0.0026455026455026454	0.03571428571428571	0.017195767195767195	3	4	10.0	20.0	2.0	3.0
3	29	Batf3	0.03571428571428571	0.0	0.03571428571428571	0.0	5	2	29.0	20.0	2.0	1.0
3	29	Gcm1	0.03571428571428571	0.0026455026455026454	0.03571428571428571	0.017195767195767195	3	4	10.0	20.0	2.0	3.0
3	29	Batf3	0.03571428571428571	0.0	0.03571428571428571	0.0	5	2	29.0	20.0	2.0	1.0
3	29	Gcm1	0.03571428571428571	0.0026455026455026454	0.03571428571428571	0.017195767195767195	3	4	10.0	20.0	2.0	3.0
3	29	Batf3	0.03571428571428571	0.0	0.03571428571428571	0.0	5	2	29.0	20.0	2.0	1.0
4	435	Gcm1	0.03917050691244239	0.00025542512318940837	0.07603686635944701	0.01307457349325784	4	56	40.0	29.0	21.0	7.0
4	435	Rhox9	0.07373271889400922	0.0006172773810410702	0.07373271889400922	0.0030597801215397876	2	73	165.0	34.0	16.0	2.0
4	435	Rhox6	0.06912442396313365	0.000489564819446366	0.06912442396313365	0.0024903949510967313	2	73	177.0	39.0	24.0	4.0
4	435	Hand1	0.04608294930875576	0.0011494130543523377	0.05069124423963134	0.015038154127776418	2	73	33.0	77.0	5.0	22.0
4	435	Foxa3	0.03917050691244239	0.001681548727663605	0.041474654377880185	0.01406966720234991	1	94	34.0	101.0	10.0	21.0
4	435	Batf3	0.03456221198156682	0.0014101595342748585	0.04377880184331797	0.009594406189802151	2	73	72.0	96.0	3.0	34.0
4	415	Gcm1	0.041062801932367145	0.0007603139511761473	0.06280193236714976	0.019317822928729342	1	110	19.0	37.0	38.0	31.0
4	415	Rhox9	0.05797101449275362	0.0002865798739048555	0.06280193236714976	0.001982664841913184	4	58	200.0	37.0	34.0	4.0
4	415	Rhox6	0.06038647342995169	0.0007837082265969517	0.06280193236714976	0.0030880443555461982	4	58	169.0	37.0	4.0	3.0
4	415	Hand1	0.01932367149758454	0.00031582271818086113	0.03140096618357488	0.004620369395608895	4	58	130.0	101.0	30.0	37.0
4	415	Foxa3	0.016908212560386472	0.0009474681545425835	0.03864734299516908	0.014036565252482718	3	59	47.0	86.0	12.0	9.0
4	415	Batf3	0.016908212560386472	0.0007778596577417506	0.036231884057971016	0.018311869085634747	4	58	23.0	89.0	5.0	41.0
4	387	Gcm1	0.031088082901554404	0.0006257990713949263	0.054404145077720206	0.031236121391561806	0	86	14.0	36.0	32.0	31.0
4	387	Rhox9	0.05181347150259068	0.000585424937756544	0.054404145077720206	0.0027252540205908084	4	56	176.0	36.0	19.0	5.0
4	387	Rhox6	0.054404145077720206	0.0005248637372989704	0.05699481865284974	0.005060224749343921	4	56	132.0	30.0	22.0	3.0
4	387	Hand1	0.015544041450777202	0.0006190700491218626	0.02590673575129534	0.008478568064060292	4	56	90.0	106.0	16.0	36.0
4	387	Foxa3	0.02849740932642487	0.0043805934997644845	0.031088082901554404	0.028450306170513424	3	65	19.0	88.0	1.0	3.0
4	387	Batf3	0.01295336787564767	0.0011170176973285782	0.031088082901554404	0.053179463024022613	4	56	3.0	88.0	3.0	41.0
4	362	Gcm1	0.027700831024930747	0.0012850107725453986	0.0332409972299169	0.011195752539242845	4	42	78.0	59.0	2.0	9.0
4	362	Rhox9	0.04155124653739612	0.0011465066174207448	0.0443213296398892	0.015043090181594337	3	55	60.0	39.0	10.0	7.0
4	362	Rhox6	0.05263157894736842	0.0006540473991997538	0.05263157894736842	0.007094490612496153	3	55	106.0	23.0	20.0	1.0
4	362	Hand1	0.01662049861495845	0.0008618036318867344	0.0221606648199446	0.011957525392428439	3	55	74.0	98.0	14.0	32.0
4	362	Foxa3	0.024930747922437674	0.003985841797476146	0.024930747922437674	0.046645121575869496	0	81	10.0	83.0	5.0	21.0
4	362	Batf3	0.013850415512465374	0.0009156663588796553	0.030470914127423823	0.07121421975992613	3	55	2.0	69.0	11.0	36.0
4	330	Gcm1	0.02127659574468085	0.0005560085995996738	0.0243161094224924	0.007709985914448811	4	45	98.0	69.0	10.0	12.0
4	330	Rhox9	0.0425531914893617	0.0014548891689524798	0.0425531914893617	0.009192675513381274	2	52	87.0	30.0	5.0	4.0
4	330	Rhox6	0.04559270516717325	0.0006486766995329529	0.04559270516717325	0.0023723033582919418	2	52	159.0	27.0	19.0	2.0
4	330	Hand1	0.015197568389057751	0.0012046852991326267	0.0182370820668693	0.015373637778930981	2	52	62.0	99.0	8.0	29.0
4	330	Foxa3	0.02127659574468085	0.0017514270887389726	0.02127659574468085	0.016328119208243754	0	66	53.0	83.0	10.0	18.0
4	330	Batf3	0.0121580547112462	0.0	0.02735562310030395	0.11371302542812663	4	45	1.0	61.0	45.0	16.0
4	294	Gcm1	0.023890784982935155	0.0008649305717892375	0.027303754266211604	0.005446724952078171	1	43	87.0	52.0	8.0	9.0
4	294	Rhox9	0.030716723549488054	0.000958436579550236	0.030716723549488054	0.0016831081396979754	0	47	132.0	42.0	17.0	7.0
4	294	Rhox6	0.040955631399317405	0.0013207723596241059	0.040955631399317405	0.00885969423535462	0	47	64.0	25.0	11.0	2.0
4	294	Hand1	0.013651877133105802	0.002559726962457338	0.017064846416382253	0.02979335172284819	0	47	10.0	88.0	3.0	23.0
4	294	Foxa3	0.017064846416382253	0.0004558417878348684	0.017064846416382253	0.0075272336247603905	6	22	69.0	88.0	3.0	3.0
4	294	Batf3	0.017064846416382253	1.168825097012483e-05	0.027303754266211604	0.06943989901351162	1	43	2.0	52.0	23.0	12.0
4	263	Gcm1	0.011450381679389313	0.00026322716504343247	0.019083969465648856	0.002690766575999532	5	25	106.0	73.0	13.0	10.0
4	263	Rhox9	0.030534351145038167	0.0010821561229563336	0.030534351145038167	0.0018133426925214238	1	42	119.0	38.0	13.0	5.0
4	263	Rhox6	0.030534351145038167	0.0018425901553040275	0.030534351145038167	0.018747623643648913	1	42	31.0	38.0	5.0	5.0
4	263	Hand1	0.011450381679389313	5.849492556520722e-05	0.015267175572519083	0.004606475388260069	4	31	89.0	90.0	13.0	10.0
4	263	Foxa3	0.015267175572519083	0.00043871194173905414	0.015267175572519083	0.0137755549706063	7	14	41.0	90.0	2.0	5.0
4	263	Batf3	0.015267175572519083	0.00046795940452165776	0.019083969465648856	0.06941885291450967	4	31	3.0	73.0	8.0	6.0
4	209	Gcm1	0.014423076923076924	0.0006503158677071721	0.014423076923076924	0.007525083612040134	3	28	74.0	92.0	11.0	14.0
4	209	Rhox9	0.028846153846153848	0.0022064288368636195	0.028846153846153848	0.006038647342995169	1	36	81.0	39.0	8.0	4.0
4	209	Rhox6	0.02403846153846154	0.002067075436640654	0.02403846153846154	0.01073021181716834	1	36	60.0	51.0	10.0	9.0
4	209	Hand1	0.014423076923076924	0.0006038647342995169	0.014423076923076924	0.005481233742103308	4	28	87.0	92.0	5.0	7.0
4	209	Foxa3	0.019230769230769232	0.0004180602006688963	0.019230769230769232	0.007014121144555927	6	15	78.0	69.0	3.0	5.0
4	209	Batf3	0.004807692307692308	0.00048773690078037906	0.004807692307692308	0.04417502787068005	4	28	19.0	165.0	6.0	21.0
4	190	Gcm1	0.015873015873015872	0.0008724530001125746	0.015873015873015872	0.0036868175166047505	5	18	90.0	73.0	6.0	6.0
4	190	Rhox9	0.021164021164021163	0.006276032871777552	0.021164021164021163	0.04139930203759991	0	38	20.0	52.0	3.0	9.0
4	190	Rhox6	0.026455026455026454	0.005065856129685917	0.026455026455026454	0.05093999774850838	0	38	13.0	33.0	6.0	5.0
4	190	Hand1	0.010582010582010581	0.0003377237419790611	0.010582010582010581	0.004699988742541934	3	20	81.0	100.0	4.0	6.0
4	190	Foxa3	0.021164021164021163	0.0003377237419790611	0.021164021164021163	0.0076550714848587186	7	12	70.0	52.0	3.0	3.0
4	190	Batf3	0.0	0.0	0.005291005291005291	0.003771248452099516	3	20	89.0	145.0	20.0	20.0
4	172	Gcm1	0.017543859649122806	0.0	0.017543859649122806	0.0	6	11	172.0	54.0	11.0	1.0
4	172	Rhox9	0.017543859649122806	0.000825593395252838	0.017543859649122806	0.007567939456484348	0	33	57.0	54.0	10.0	9.0
4	172	Rhox6	0.029239766081871343	0.002476780185758514	0.029239766081871343	0.02063983488132095	0	33	36.0	22.0	3.0	2.0
4	172	Hand1	0.0	0.0	0.005847953216374269	0.0048847609219126245	8	3	68.0	130.0	3.0	3.0
4	172	Foxa3	0.023391812865497075	0.0012727898176814584	0.023391812865497075	0.011386308909528723	2	26	49.0	34.0	8.0	6.0
4	172	Batf3	0.0	0.0	0.005847953216374269	0.004059167526659787	2	26	74.0	130.0	26.0	26.0
4	146	Gcm1	0.013793103448275862	0.0	0.013793103448275862	0.0	8	5	146.0	64.0	5.0	2.0
4	146	Rhox9	0.013793103448275862	0.0021551724137931034	0.013793103448275862	0.0021551724137931034	1	25	56.0	64.0	1.0	9.0
4	146	Rhox6	0.027586206896551724	0.0018199233716475096	0.027586206896551724	0.0018199233716475096	1	25	57.0	22.0	2.0	2.0
4	146	Foxa3	0.006896551724137931	0.0004310344827586207	0.006896551724137931	0.0039272030651341	3	18	50.0	109.0	6.0	11.0
4	146	Batf3	0.0	0.0	0.0	0.0	3	18	146.0	146.0	18.0	18.0
4	93	Gcm1	0.021739130434782608	0.0	0.021739130434782608	0.0	7	5	93.0	42.0	5.0	2.0
4	72	Gcm1	0.028169014084507043	0.0	0.028169014084507043	0.0	7	4	72.0	26.0	4.0	1.0
4	72	Gcm1	0.028169014084507043	0.0	0.028169014084507043	0.0	7	4	72.0	26.0	4.0	1.0
4	72	Gcm1	0.028169014084507043	0.0	0.028169014084507043	0.0	7	4	72.0	26.0	4.0	1.0
4	72	Gcm1	0.028169014084507043	0.0	0.028169014084507043	0.0	7	4	72.0	26.0	4.0	1.0
4	72	Gcm1	0.028169014084507043	0.0	0.028169014084507043	0.0	7	4	72.0	26.0	4.0	1.0
4	72	Gcm1	0.028169014084507043	0.0	0.028169014084507043	0.0	7	4	72.0	26.0	4.0	1.0
4	72	Gcm1	0.028169014084507043	0.0	0.028169014084507043	0.0	7	4	72.0	26.0	4.0	1.0
4	72	Gcm1	0.028169014084507043	0.0	0.028169014084507043	0.0	7	4	72.0	26.0	4.0	1.0
5	456	Rhox9	0.07032967032967033	0.0006874183085636829	0.07472527472527472	0.0030594955705087862	4	69	155.0	43.0	5.0	2.0
5	456	Hand1	0.03956043956043956	0.0008374885026867405	0.05714285714285714	0.013336883380936243	4	69	39.0	87.0	1.0	33.0
5	456	Rhox6	0.05934065934065934	0.00020816188217069273	0.05934065934065934	0.0004502105823691726	4	69	268.0	76.0	34.0	14.0
5	456	Gcm1	0.07472527472527472	0.0013457907731035483	0.11428571428571428	0.018845911797453645	1	104	16.0	10.0	12.0	10.0
5	456	Foxa3	0.05274725274725275	0.0019605944716076873	0.06373626373626373	0.018739410369366317	2	82	17.0	65.0	4.0	2.0
5	456	Batf3	0.046153846153846156	0.0005712349324684126	0.07032967032967033	0.016333446289393424	4	69	24.0	53.0	8.0	29.0
5	427	Rhox9	0.056338028169014086	0.0005689036177851422	0.05868544600938967	0.0030985915492957746	3	69	158.0	58.0	17.0	7.0
5	427	Hand1	0.03051643192488263	0.0007677437172051919	0.04225352112676056	0.007390223695111848	3	69	98.0	99.0	6.0	35.0
5	427	Rhox6	0.05868544600938967	0.0006296603148301575	0.05868544600938967	0.0021817177575255454	3	69	189.0	58.0	13.0	4.0
5	427	Gcm1	0.06572769953051644	0.0011654239160452913	0.08685446009389672	0.016161281413974042	1	103	36.0	19.0	19.0	16.0
5	427	Foxa3	0.04460093896713615	0.0013974040320353493	0.051643192488262914	0.05716652858326429	2	75	1.0	77.0	9.0	2.0
5	427	Batf3	0.03755868544600939	0.0005468102734051368	0.056338028169014086	0.02067937033968517	3	69	27.0	66.0	20.0	31.0
5	409	Rhox9	0.056372549019607844	0.0006443609384785856	0.058823529411764705	0.0026075540781423136	3	63	181.0	44.0	12.0	2.0
5	409	Hand1	0.0196078431372549	0.00021077226959579902	0.029411764705882353	0.0071241027123380065	3	63	96.0	113.0	41.0	37.0
5	409	Rhox6	0.05392156862745098	0.0008852435323023559	0.05392156862745098	0.0022944067061714123	3	63	184.0	53.0	5.0	4.0
5	409	Gcm1	0.04656862745098039	0.0008671773377655731	0.07352941176470588	0.021546948017536253	1	72	27.0	23.0	9.0	20.0
5	409	Foxa3	0.044117647058823525	0.0031615840439369854	0.04656862745098039	0.06181649564002505	2	65	1.0	72.0	1.0	2.0
5	409	Batf3	0.029411764705882353	0.001403141109023462	0.04656862745098039	0.01346533699474876	3	63	53.0	72.0	2.0	29.0
5	382	Rhox9	0.05249343832020997	0.0016645945572592899	0.05249343832020997	0.00964221577565962	1	65	77.0	41.0	3.0	3.0
5	382	Hand1	0.015748031496062992	0.0005318414145600221	0.023622047244094488	0.006451167288299489	1	65	108.0	111.0	30.0	37.0
5	382	Rhox6	0.05249343832020997	0.0007114242298660036	0.05249343832020997	0.001305428926647327	1	65	194.0	41.0	20.0	3.0
5	382	Gcm1	0.031496062992125984	0.0032393977068655893	0.06036745406824147	0.015084956485702445	0	96	51.0	28.0	6.0	10.0
5	382	Foxa3	0.04199475065616798	0.004220196159690565	0.04461942257217848	0.08909379748584058	2	64	1.0	59.0	1.0	1.0
5	382	Batf3	0.023622047244094488	0.0015540820555325322	0.03412073490813648	0.015230004144218814	1	65	50.0	87.0	4.0	29.0
5	353	Rhox9	0.036931818181818184	0.0005018130018130018	0.036931818181818184	0.004767223517223518	1	69	140.0	60.0	38.0	10.0
5	353	Hand1	0.011363636363636364	0.000598938098938099	0.017045454545454544	0.005374255374255375	1	69	129.0	128.0	33.0	40.0
5	353	Rhox6	0.04261363636363637	0.0017401579901579903	0.04261363636363637	0.003172753172753173	1	69	155.0	49.0	9.0	3.0
5	353	Gcm1	0.02840909090909091	0.0026871276871276873	0.05681818181818182	0.025082556332556336	0	80	33.0	22.0	7.0	13.0
5	353	Foxa3	0.019886363636363636	0.002201502201502202	0.02556818181818182	0.11153198653198654	4	43	1.0	91.0	1.0	2.0
5	353	Batf3	0.017045454545454544	0.000946969696969697	0.02556818181818182	0.01651936026936027	1	69	53.0	91.0	22.0	34.0
5	334	Rhox9	0.03303303303303303	0.0005969825246933681	0.03303303303303303	0.010953724809146496	1	56	77.0	56.0	24.0	9.0
5	334	Hand1	0.003003003003003003	0.0	0.009009009009009009	0.009198957994138716	0	61	89.0	173.0	61.0	40.0
5	334	Rhox6	0.03303303303303303	0.00122110061869098	0.036036036036036036	0.003301494265349687	1	56	144.0	48.0	13.0	9.0
5	334	Gcm1	0.02102102102102102	0.0012030102391548175	0.04204204204204204	0.015195918810376642	4	43	60.0	33.0	3.0	11.0
5	334	Foxa3	0.009009009009009009	0.0018090379536162668	0.012012012012012012	0.01782806903288831	3	48	45.0	142.0	6.0	15.0
5	334	Batf3	0.012012012012012012	0.0032381779369731177	0.015015015015015015	0.014273309454032346	1	56	65.0	121.0	1.0	36.0
5	312	Rhox9	0.01929260450160772	0.00010372368011617052	0.022508038585209004	0.00376516958821699	3	45	118.0	68.0	35.0	19.0
5	312	Hand1	0.00964630225080386	0.0016492065138471112	0.00964630225080386	0.011990457421429311	6	28	57.0	140.0	3.0	10.0
5	312	Rhox6	0.03536977491961415	0.0019500051861840058	0.03536977491961415	0.007800020744736023	3	45	76.0	35.0	1.0	2.0
5	312	Gcm1	0.022508038585209004	0.0023026656985789856	0.04180064308681672	0.023140753033917643	1	54	29.0	25.0	5.0	13.0
5	312	Foxa3	0.00964630225080386	0.001431386785603153	0.00964630225080386	0.04188362203090965	2	49	13.0	140.0	5.0	12.0
5	312	Batf3	0.00964630225080386	0.0008609065449642153	0.012861736334405145	0.015133284928949279	3	45	47.0	112.0	9.0	30.0
5	239	Rhox9	0.021008403361344536	0.0004077580399248307	0.021008403361344536	0.0006205013651030033	0	42	135.0	74.0	30.0	16.0
5	239	Hand1	0.012605042016806723	0.0020565188100556677	0.012605042016806723	0.036733680814097794	1	36	22.0	105.0	4.0	11.0
5	239	Rhox6	0.029411764705882353	0.0015601177179732652	0.029411764705882353	0.00514129702513917	0	42	96.0	52.0	11.0	6.0
5	239	Gcm1	0.012605042016806723	0.00023047193560968692	0.029411764705882353	0.014076516682622416	7	16	59.0	52.0	7.0	10.0
5	239	Foxa3	0.004201680672268907	0.00014182888345211502	0.008403361344537815	0.016381236038719285	6	22	53.0	133.0	6.0	14.0
5	239	Batf3	0.008403361344537815	0.0006914158068290607	0.008403361344537815	0.012782328121121867	1	36	62.0	133.0	9.0	14.0
5	216	Rhox9	0.018604651162790697	0.001108454683764399	0.018604651162790697	0.0011953923060204303	0	39	112.0	70.0	21.0	11.0
5	216	Hand1	0.009302325581395349	0.0014562051727885243	0.009302325581395349	0.008867637470115193	4	31	62.0	113.0	4.0	12.0
5	216	Rhox6	0.023255813953488372	0.00419474027385351	0.023255813953488372	0.0124972831993045	0	39	49.0	57.0	3.0	9.0
5	216	Gcm1	0.013953488372093023	0.0001521408389480548	0.027906976744186046	0.026059552271245384	6	13	21.0	44.0	6.0	8.0
5	216	Foxa3	0.004651162790697674	0.001977830906324712	0.004651162790697674	0.011301890893284068	2	36	54.0	169.0	7.0	26.0
5	216	Batf3	0.004651162790697674	0.0004129537057161487	0.004651162790697674	0.0033905672679852205	4	31	95.0	169.0	10.0	21.0
5	190	Rhox9	0.015873015873015872	0.0021389170325340537	0.015873015873015872	0.0022796352583586625	0	38	95.0	76.0	16.0	14.0
5	190	Hand1	0.010582010582010581	0.0014353259034110097	0.010582010582010581	0.010300574130361364	3	26	60.0	96.0	4.0	10.0
5	190	Rhox6	0.021164021164021163	0.005093999774850838	0.021164021164021163	0.009878419452887538	0	38	63.0	61.0	6.0	10.0
5	190	Gcm1	0.015873015873015872	0.00045029832263874815	0.026455026455026454	0.02395024203534842	6	13	24.0	38.0	4.0	5.0
5	190	Foxa3	0.005291005291005291	0.0017449060002251492	0.005291005291005291	0.011623325453112687	4	25	55.0	147.0	6.0	18.0
5	190	Batf3	0.0	0.0	0.0	0.0	0	38	190.0	190.0	38.0	38.0
5	168	Rhox9	0.011976047904191617	0.002236490873674338	0.011976047904191617	0.002236490873674338	0	34	82.0	86.0	12.0	17.0
5	168	Hand1	0.011976047904191617	0.001623259505086213	0.011976047904191617	0.07138734579034701	3	24	6.0	86.0	3.0	10.0
5	168	Rhox6	0.017964071856287428	0.0038958228122069113	0.017964071856287428	0.009378832696053675	0	34	57.0	60.0	3.0	9.0
5	168	Gcm1	0.011976047904191617	0.0006132313685881249	0.029940119760479042	0.026982180217877495	5	16	34.0	28.0	5.0	10.0
5	168	Foxa3	0.005988023952095809	0.001875766539210735	0.005988023952095809	0.010605295433229925	4	22	53.0	127.0	5.0	17.0
5	168	Batf3	0.0	0.0	0.0	0.0	0	34	168.0	168.0	34.0	34.0
5	155	Rhox9	0.012987012987012988	0.0033104150751209573	0.012987012987012988	0.003437738731856379	3	26	57.0	69.0	2.0	11.0
5	155	Hand1	0.006493506493506494	0.0011883541295306002	0.006493506493506494	0.008827773533655887	2	26	39.0	114.0	5.0	17.0
5	155	Rhox6	0.012987012987012988	0.0020796197266785502	0.012987012987012988	0.002206943383413972	3	26	62.0	69.0	5.0	11.0
5	155	Gcm1	0.012987012987012988	0.00021220609455903573	0.025974025974025976	0.021814786520668875	5	15	23.0	28.0	8.0	9.0
5	155	Foxa3	0.006493506493506494	0.0033528562940327647	0.006493506493506494	0.007936507936507936	0	28	41.0	114.0	7.0	21.0
5	155	Batf3	0.0	0.0	0.0	0.0	3	26	155.0	155.0	26.0	26.0
5	114	Hand1	0.008849557522123894	0.0008691529709228824	0.008849557522123894	0.007111251580278129	1	20	42.0	80.0	5.0	13.0
5	114	Gcm1	0.008849557522123894	0.0003160556257901391	0.02654867256637168	0.03279077117572693	5	12	21.0	28.0	6.0	8.0
5	114	Foxa3	0.0	0.0	0.0	0.0	3	17	114.0	114.0	17.0	17.0
5	99	Hand1	0.01020408163265306	0.0009467704607616242	0.01020408163265306	0.006522196507468966	2	14	31.0	73.0	5.0	10.0
5	99	Gcm1	0.01020408163265306	0.00010519671786240269	0.01020408163265306	0.003050704818009678	5	9	38.0	73.0	5.0	8.0
5	99	Foxa3	0.0	0.0	0.0	0.0	8	6	99.0	99.0	6.0	6.0
5	72	Hand1	0.014084507042253521	0.0018108651911468814	0.014084507042253521	0.007042253521126761	1	14	19.0	48.0	5.0	10.0
5	72	Gcm1	0.0	0.0	0.0	0.0	4	10	72.0	72.0	10.0	10.0
5	55	Hand1	0.018518518518518517	0.002445842068483578	0.018518518518518517	0.01013277428371768	2	11	16.0	38.0	5.0	9.0
5	55	Gcm1	0.0	0.0	0.0	0.0	3	8	55.0	55.0	8.0	8.0
5	48	Hand1	0.02127659574468085	0.0032377428307123037	0.02127659574468085	0.012488436632747457	2	11	15.0	33.0	5.0	9.0
5	48	Gcm1	0.0	0.0	0.0	0.0	3	6	48.0	48.0	6.0	6.0
5	44	Hand1	0.023255813953488372	0.003875968992248062	0.023255813953488372	0.014396456256921373	1	9	13.0	26.0	3.0	6.0
5	44	Gcm1	0.0	0.0	0.0	0.0	3	7	44.0	44.0	7.0	7.0
5	32	Hand1	0.03225806451612903	0.0	0.03225806451612903	0.0	3	7	32.0	19.0	7.0	5.0
5	32	Gcm1	0.0	0.0	0.0	0.0	2	7	32.0	32.0	7.0	7.0
5	29	Hand1	0.0	0.0	0.0	0.0	3	6	29.0	29.0	6.0	6.0
5	29	Gcm1	0.0	0.0	0.0	0.0	2	6	29.0	29.0	6.0	6.0
