run	nodes	geneid	local_outdegree_centrality	local_betweenness_centrality	outdegree_centrality	betweenness_centrality	community	community_size	rank_betweenness	rank_outdegree	rank_local_betweenness	rank_local_outdegree
1	641	Lhx9	0.11093750000000001	0.0028291275430359936	0.15625	0.06648082942097026	0	169	1.0	1.0	6.0	1.0
1	641	Neurod2	0.034375	0.00025185837245696397	0.046875	0.014069835680751172	4	72	28.0	87.0	16.0	16.0
1	641	Neurod1	0.0203125	0.0001809467918622848	0.0328125	0.00311277386541471	4	72	144.0	132.0	24.0	29.0
1	641	Pax9	0.045312500000000006	0.0017434467918622848	0.07968750000000001	0.02027582159624413	0	169	13.0	19.0	13.0	17.0
1	641	Lef1	0.018750000000000003	0.0005672926447574335	0.0328125	0.009761345852895148	3	82	48.0	132.0	7.0	36.0
1	641	Foxp2	0.078125	0.003318172926447574	0.084375	0.05238165101721439	2	158	4.0	17.0	2.0	1.0
1	606	Lhx9	0.09586776859504131	0.003981719665042964	0.1256198347107438	0.06138142411471731	0	153	4.0	1.0	3.0	1.0
1	606	Neurod2	0.03140495867768595	0.0004296426030321274	0.04297520661157025	0.01364183679054239	3	89	33.0	79.0	19.0	26.0
1	606	Neurod1	0.01983471074380165	0.00020250670461386896	0.02975206611570248	0.0013819714301351869	3	89	211.0	111.0	41.0	40.0
1	606	Pax9	0.04297520661157025	0.0015324831700509003	0.06776859504132231	0.02694707459909146	3	89	9.0	21.0	2.0	11.0
1	606	Lef1	0.01652892561983471	0.0007525586995785671	0.028099173553719006	0.009966613759509605	4	72	54.0	120.0	3.0	32.0
1	606	Foxp2	0.0743801652892562	0.0029965519128673855	0.07768595041322314	0.06560943571780417	1	147	1.0	12.0	3.0	1.0
1	563	Lhx9	0.09074733096085409	0.003913956394592777	0.10498220640569395	0.06910004377033895	0	153	1.0	1.0	4.0	1.0
1	563	Neurod2	0.030249110320284697	0.000225195222055176	0.04092526690391459	0.027638748802659208	3	76	10.0	65.0	27.0	14.0
1	563	Neurod1	0.021352313167259787	0.00019982111252783225	0.028469750889679714	0.0036855894088466835	3	76	150.0	100.0	28.0	21.0
1	563	Pax9	0.04092526690391459	0.004104262216047856	0.06227758007117437	0.01878318457761623	0	153	26.0	22.0	2.0	14.0
1	563	Lef1	0.014234875444839857	0.000456733971492188	0.02491103202846975	0.007425098800438973	4	72	83.0	115.0	12.0	34.0
1	563	Foxp2	0.06227758007117437	0.003615810607646488	0.06405693950177936	0.05757068275385211	1	134	3.0	17.0	3.0	1.0
1	521	Lhx9	0.07884615384615384	0.0026530309767303986	0.0903846153846154	0.07159107751593301	0	139	1.0	1.0	5.0	1.0
1	521	Neurod2	0.028846153846153848	9.263376315399436e-05	0.03653846153846154	0.010827034237438861	4	56	70.0	62.0	30.0	12.0
1	521	Neurod1	0.021153846153846155	0.0001926782273603083	0.028846153846153848	0.006106417667111308	4	56	112.0	84.0	21.0	23.0
1	521	Pax9	0.032692307692307694	0.002171335408329628	0.05384615384615385	0.0151252408477842	0	139	39.0	25.0	9.0	17.0
1	521	Lef1	0.009615384615384616	0.00021491033051726692	0.019230769230769232	0.018967689343411885	3	67	28.0	133.0	23.0	36.0
1	521	Foxp2	0.057692307692307696	0.003649770268267378	0.057692307692307696	0.05967096487327701	1	122	2.0	16.0	1.0	2.0
1	472	Lhx9	0.05732484076433121	0.002791706193251118	0.07855626326963906	0.10758910421466324	2	90	1.0	1.0	3.0	1.0
1	472	Neurod2	0.027600849256900213	0.00033879929529746577	0.027600849256900213	0.0015900980259294394	3	88	194.0	76.0	34.0	22.0
1	472	Neurod1	0.016985138004246284	5.4207887247594525e-05	0.01910828025477707	0.011035822378822785	3	88	71.0	107.0	57.0	36.0
1	472	Pax9	0.029723991507430998	0.0014545783078104531	0.03821656050955414	0.013579075755522429	3	88	54.0	43.0	9.0	21.0
1	472	Lef1	0.006369426751592357	9.034647874599087e-06	0.014861995753715499	0.0861498848082396	4	63	2.0	133.0	42.0	43.0
1	472	Foxp2	0.04670912951167728	0.0025206667570131453	0.04670912951167728	0.01958711659213082	0	106	41.0	25.0	4.0	2.0
1	424	Lhx9	0.05673758865248227	0.0027169955071538214	0.06855791962174941	0.09018744467973065	0	91	1.0	1.0	2.0	1.0
1	424	Neurod2	0.028368794326241134	0.0004089498392210906	0.028368794326241134	0.0035068849226356537	3	80	136.0	57.0	36.0	18.0
1	424	Neurod1	0.018912529550827423	0.00010083694665725522	0.02127659574468085	0.014307642320146103	3	80	56.0	92.0	47.0	32.0
1	424	Pax9	0.02364066193853428	0.0008739202043628787	0.028368794326241134	0.00568608338095078	3	80	114.0	57.0	23.0	28.0
1	424	Lef1	0.0070921985815602835	2.8010262960348674e-05	0.014184397163120567	0.07345411358721836	4	59	2.0	126.0	37.0	40.0
1	424	Foxp2	0.030732860520094562	0.0023584641412613583	0.030732860520094562	0.014391673109027149	2	89	55.0	52.0	5.0	4.0
1	392	Lhx9	0.04603580562659847	0.002269001245983343	0.05882352941176471	0.11500426257459505	2	73	1.0	3.0	2.0	1.0
1	392	Neurod2	0.023017902813299233	0.00013771394845563643	0.02813299232736573	0.010158043150370517	5	34	68.0	43.0	17.0	9.0
1	392	Neurod1	0.01790281329923274	0.00011804052724768837	0.01790281329923274	0.006833234966227293	5	34	91.0	91.0	18.0	14.0
1	392	Pax9	0.023017902813299233	0.0013640238704177323	0.025575447570332484	0.01509607187356548	4	50	47.0	55.0	4.0	7.0
1	392	Lef1	0.010230179028132993	0.00010492491310905633	0.012787723785166242	0.09356023345793167	3	53	2.0	122.0	25.0	30.0
1	392	Foxp2	0.025575447570332484	0.001278772378516624	0.025575447570332484	0.008721883402190307	0	85	79.0	55.0	10.0	3.0
1	347	Lhx9	0.03757225433526011	0.00155818044734858	0.04335260115606936	0.07298316159839156	2	57	2.0	14.0	4.0	2.0
1	347	Neurod2	0.026011560693641616	0.00018430091312725142	0.028901734104046242	0.03593867805981402	5	28	30.0	35.0	11.0	7.0
1	347	Neurod1	0.017341040462427744	9.215045656362571e-05	0.017341040462427744	0.01616821646979978	5	28	54.0	86.0	15.0	12.0
1	347	Pax9	0.02023121387283237	0.0011141827929965654	0.023121387283236993	0.010898885817207004	1	68	74.0	49.0	13.0	9.0
1	347	Lef1	0.002890173410404624	7.539582809751194e-05	0.005780346820809248	0.00859512440311636	7	7	88.0	169.0	4.0	7.0
1	347	Foxp2	0.023121387283236993	0.0012984837061238168	0.023121387283236993	0.01090726313144006	0	68	73.0	49.0	10.0	4.0
1	301	Lhx9	0.023333333333333334	0.0011817168338907468	0.03333333333333333	0.10701226309921961	2	44	2.0	23.0	2.0	5.0
1	301	Neurod2	0.030000000000000002	0.00018952062430323299	0.03333333333333333	0.022151616499442583	6	26	26.0	23.0	12.0	4.0
1	301	Neurod1	0.02	0.0003567447045707915	0.02	0.03129319955406912	6	26	19.0	56.0	9.0	11.0
1	301	Pax9	0.023333333333333334	0.0011928651059085842	0.02666666666666667	0.009832775919732441	0	49	66.0	38.0	9.0	7.0
1	301	Lef1	0.0033333333333333335	0.00010033444816053511	0.006666666666666667	0.011906354515050167	8	7	55.0	143.0	4.0	7.0
1	301	Foxp2	0.023333333333333334	0.0005574136008918618	0.023333333333333334	0.009565217391304347	5	28	67.0	47.0	4.0	1.0
1	254	Lhx9	0.007905138339920948	0.00029801116757638494	0.015810276679841896	0.024468285337850556	1	37	15.0	70.0	10.0	12.0
1	254	Neurod2	0.02766798418972332	0.0001725327812284334	0.03162055335968379	0.01601417905765732	5	29	25.0	22.0	16.0	8.0
1	254	Neurod1	0.015810276679841896	3.136959658698789e-05	0.015810276679841896	0.004313319530710835	5	29	67.0	70.0	18.0	12.0
1	254	Pax9	0.02766798418972332	0.001960599786686743	0.02766798418972332	0.020703933747412008	0	39	20.0	30.0	7.0	4.0
1	254	Lef1	0.003952569169960474	0.0001411631846414455	0.007905138339920948	0.02580149319279754	8	7	14.0	121.0	4.0	7.0
1	254	Foxp2	0.01976284584980237	0.000846979107848673	0.01976284584980237	0.0008940335027291549	7	16	110.0	51.0	1.0	1.0
1	211	Lhx9	0.009523809523809525	0.0003189792663476874	0.01904761904761905	0.028275233538391432	0	34	14.0	50.0	1.0	9.0
1	211	Neurod2	0.03333333333333334	0.0003645477329687856	0.0380952380952381	0.00608339029391661	2	30	57.0	15.0	18.0	5.0
1	211	Neurod1	0.01904761904761905	0.0005923900660742766	0.01904761904761905	0.02460697197539303	2	30	17.0	50.0	12.0	11.0
1	211	Pax9	0.02380952380952381	0.0033037138300296195	0.02380952380952381	0.04071542492595124	3	30	12.0	35.0	3.0	4.0
1	211	Lef1	0.004761904761904762	9.11369332421964e-05	0.009523809523809525	0.05850991114149009	7	6	3.0	105.0	3.0	6.0
1	211	Foxp2	0.009523809523809525	0.0004329004329004329	0.009523809523809525	0.0004329004329004329	4	29	94.0	105.0	5.0	11.0
1	178	Lhx9	0.011299435028248588	0.0008346173600410889	0.01694915254237288	0.04092835130970724	2	28	14.0	49.0	5.0	9.0
1	178	Neurod2	0.03389830508474576	0.004301489470980997	0.03954802259887005	0.021154340010272214	1	28	23.0	15.0	2.0	4.0
1	178	Neurod1	0.022598870056497175	0.0014766307139188496	0.022598870056497175	0.028473292244478685	1	28	20.0	33.0	9.0	8.0
1	178	Pax9	0.011299435028248588	0.002182845403184386	0.01694915254237288	0.020319722650231124	3	26	24.0	49.0	8.0	11.0
1	178	Lef1	0.005649717514124294	0.0	0.011299435028248588	0.08891884951206985	8	5	7.0	86.0	5.0	5.0
1	178	Foxp2	0.005649717514124294	0.0002889060092449923	0.005649717514124294	0.0002889060092449923	4	22	94.0	143.0	7.0	18.0
1	109	Lhx9	0.018518518518518517	0.0013845621322256837	0.018518518518518517	0.0013845621322256837	3	15	60.0	58.0	2.0	4.0
1	109	Neurod2	0.046296296296296294	0.011163032191069575	0.046296296296296294	0.014018691588785048	1	23	39.0	19.0	1.0	5.0
1	109	Neurod1	0.037037037037037035	0.0036344755970924196	0.037037037037037035	0.003288335064035999	1	23	57.0	27.0	9.0	7.0
1	109	Pax9	0.018518518518518517	0.005278643129110419	0.018518518518518517	0.033489096573208726	2	21	25.0	58.0	7.0	9.0
1	109	Lef1	0.018518518518518517	0.00034614053305642093	0.018518518518518517	0.1223606784354448	4	6	12.0	58.0	3.0	2.0
1	74	Neurod2	0.0684931506849315	0.024733637747336376	0.0684931506849315	0.024733637747336376	1	22	2.0	17.0	1.0	4.0
1	74	Neurod1	0.0273972602739726	0.012366818873668188	0.0273972602739726	0.013318112633181126	1	22	16.0	41.0	4.0	15.0
1	74	Pax9	0.0136986301369863	0.0013318112633181126	0.0136986301369863	0.0013318112633181126	2	14	41.0	60.0	5.0	11.0
1	74	Lef1	0.0136986301369863	0.0009512937595129375	0.0136986301369863	0.001141552511415525	3	9	44.0	60.0	3.0	6.0
1	35	Neurod2	0.08823529411764705	0.01515151515151515	0.14705882352941177	0.142602495543672	1	8	2.0	3.0	1.0	2.0
1	35	Neurod1	0.058823529411764705	0.00445632798573975	0.058823529411764705	0.0570409982174688	1	8	11.0	17.0	5.0	4.0
1	35	Pax9	0.029411764705882353	0.00445632798573975	0.029411764705882353	0.006238859180035651	0	10	19.0	29.0	2.0	7.0
1	35	Neurod2	0.08823529411764705	0.01515151515151515	0.14705882352941177	0.142602495543672	1	8	2.0	3.0	1.0	2.0
1	35	Neurod1	0.058823529411764705	0.00445632798573975	0.058823529411764705	0.0570409982174688	1	8	11.0	17.0	5.0	4.0
1	35	Pax9	0.029411764705882353	0.00445632798573975	0.029411764705882353	0.006238859180035651	0	10	19.0	29.0	2.0	7.0
1	35	Neurod2	0.08823529411764705	0.01515151515151515	0.14705882352941177	0.142602495543672	1	8	2.0	3.0	1.0	2.0
1	35	Neurod1	0.058823529411764705	0.00445632798573975	0.058823529411764705	0.0570409982174688	1	8	11.0	17.0	5.0	4.0
1	35	Pax9	0.029411764705882353	0.00445632798573975	0.029411764705882353	0.006238859180035651	0	10	19.0	29.0	2.0	7.0
1	35	Neurod2	0.08823529411764705	0.01515151515151515	0.14705882352941177	0.142602495543672	1	8	2.0	3.0	1.0	2.0
1	35	Neurod1	0.058823529411764705	0.00445632798573975	0.058823529411764705	0.0570409982174688	1	8	11.0	17.0	5.0	4.0
1	35	Pax9	0.029411764705882353	0.00445632798573975	0.029411764705882353	0.006238859180035651	0	10	19.0	29.0	2.0	7.0
1	35	Neurod2	0.08823529411764705	0.01515151515151515	0.14705882352941177	0.142602495543672	1	8	2.0	3.0	1.0	2.0
1	35	Neurod1	0.058823529411764705	0.00445632798573975	0.058823529411764705	0.0570409982174688	1	8	11.0	17.0	5.0	4.0
1	35	Pax9	0.029411764705882353	0.00445632798573975	0.029411764705882353	0.006238859180035651	0	10	19.0	29.0	2.0	7.0
1	35	Neurod2	0.08823529411764705	0.01515151515151515	0.14705882352941177	0.142602495543672	1	8	2.0	3.0	1.0	2.0
1	35	Neurod1	0.058823529411764705	0.00445632798573975	0.058823529411764705	0.0570409982174688	1	8	11.0	17.0	5.0	4.0
1	35	Pax9	0.029411764705882353	0.00445632798573975	0.029411764705882353	0.006238859180035651	0	10	19.0	29.0	2.0	7.0
2	655	Neurod2	0.03363914373088685	0.0001545443050423592	0.04281345565749235	0.005474614927106603	4	68	98.0	104.0	22.0	17.0
2	655	Neurod1	0.027522935779816515	4.917318796802338e-05	0.05198776758409786	0.005163184736642455	4	68	104.0	78.0	33.0	23.0
2	655	Lhx9	0.11314984709480122	0.006277776997250985	0.13149847094801223	0.03329493141511069	0	198	4.0	1.0	2.0	1.0
2	655	Pax9	0.05657492354740061	0.0030417129128791605	0.08103975535168195	0.018449311809526487	0	198	17.0	18.0	6.0	16.0
2	655	Foxp2	0.07339449541284404	0.0037535533482257848	0.08409785932721713	0.07501721061578881	2	153	1.0	13.0	1.0	1.0
2	655	Lef1	0.047400611620795105	0.00475809133100112	0.07033639143730887	0.04107600301595553	0	198	3.0	32.0	3.0	21.0
2	604	Neurod2	0.029850746268656716	3.581208024109794e-05	0.03482587064676617	0.002600507980584343	4	67	168.0	111.0	43.0	18.0
2	604	Neurod1	0.024875621890547265	0.0001790604012054897	0.04809286898839138	0.0064213814647691774	4	67	92.0	70.0	24.0	23.0
2	604	Lhx9	0.0978441127694859	0.005181732533346556	0.11276948590381426	0.0333685944584938	1	149	5.0	1.0	1.0	1.0
2	604	Pax9	0.04643449419568823	0.0016032792846399234	0.06965174129353234	0.011592094896503088	1	149	44.0	19.0	15.0	16.0
2	604	Foxp2	0.05638474295190713	0.0024462405580073054	0.06301824212271974	0.05824421634904106	0	149	1.0	34.0	5.0	3.0
2	604	Lef1	0.023217247097844115	0.001159760444730941	0.05472636815920398	0.02954221142350264	3	83	7.0	54.0	1.0	29.0
2	557	Neurod2	0.02877697841726619	3.240650722665112e-05	0.03237410071942446	0.0018018018018018018	4	62	208.0	101.0	42.0	17.0
2	557	Neurod1	0.026978417266187053	0.0002268455505865578	0.048561151079136694	0.018591613195929745	4	62	26.0	53.0	23.0	18.0
2	557	Lhx9	0.07194244604316546	0.0037397109339555386	0.0881294964028777	0.02975241428478839	1	136	8.0	1.0	5.0	1.0
2	557	Pax9	0.04136690647482014	0.001228206623890077	0.06294964028776978	0.016423617862466783	1	136	31.0	21.0	13.0	15.0
2	557	Foxp2	0.048561151079136694	0.0027999222243826564	0.053956834532374105	0.06975500680536652	0	142	1.0	40.0	5.0	6.0
2	557	Lef1	0.02158273381294964	0.0006934992546503338	0.03776978417266187	0.02617797653768877	3	77	13.0	83.0	9.0	28.0
2	516	Neurod2	0.027184466019417475	0.00012466472743757317	0.031067961165048542	0.005266140304484152	4	54	116.0	85.0	29.0	16.0
2	516	Neurod1	0.02524271844660194	0.00012844244645083297	0.04271844660194175	0.00658456424011182	4	54	96.0	53.0	28.0	19.0
2	516	Lhx9	0.06601941747572815	0.0040308261871482	0.07378640776699029	0.046609497185599334	0	142	7.0	1.0	5.0	1.0
2	516	Pax9	0.04466019417475728	0.0025159608628310226	0.058252427184466014	0.01427977787012202	0	142	39.0	15.0	11.0	9.0
2	516	Foxp2	0.04854368932038835	0.0027766234747459485	0.05048543689320388	0.05716822182766046	2	118	3.0	32.0	3.0	2.0
2	516	Lef1	0.021359223300970873	0.0008802085300895319	0.029126213592233007	0.060367949831891504	0	142	2.0	95.0	30.0	25.0
2	485	Neurod2	0.028925619834710745	0.00021816128535496126	0.03305785123966942	0.010424687302157658	3	54	68.0	65.0	23.0	14.0
2	485	Neurod1	0.024793388429752067	0.0002096059408312373	0.03925619834710744	0.013329226767961947	3	54	50.0	44.0	24.0	17.0
2	485	Lhx9	0.05371900826446281	0.004547165614359291	0.06404958677685951	0.06999127354858581	0	143	2.0	4.0	5.0	2.0
2	485	Pax9	0.03512396694214876	0.0026949335249730508	0.05371900826446281	0.01659309070376264	0	143	39.0	13.0	14.0	11.0
2	485	Foxp2	0.03925619834710744	0.003537634960559862	0.04132231404958678	0.015720445562342797	2	111	40.0	41.0	3.0	4.0
2	485	Lef1	0.014462809917355372	0.0015228513252228668	0.024793388429752067	0.044569067296340026	0	143	10.0	90.0	24.0	28.0
2	436	Neurod2	0.027586206896551724	0.00047672016526299066	0.027586206896551724	0.009216589861751152	4	48	76.0	67.0	11.0	11.0
2	436	Neurod1	0.01839080459770115	0.00012182848667831984	0.029885057471264367	0.014206260924837122	4	48	58.0	55.0	26.0	19.0
2	436	Lhx9	0.05057471264367816	0.006515175591927539	0.05747126436781609	0.08387626463266064	0	147	2.0	3.0	3.0	2.0
2	436	Pax9	0.034482758620689655	0.0052598124900683305	0.04827586206896552	0.028608506806504584	0	147	20.0	17.0	6.0	10.0
2	436	Foxp2	0.022988505747126436	0.0025742888924201496	0.022988505747126436	0.018173632077970233	2	83	40.0	79.0	1.0	10.0
2	436	Lef1	0.016091954022988506	0.0019068806610519626	0.02528735632183908	0.03128873351342762	0	147	18.0	73.0	22.0	26.0
2	383	Neurod2	0.02617801047120419	0.00030918910005359277	0.02617801047120419	0.012195792279891716	4	51	67.0	59.0	22.0	10.0
2	383	Neurod1	0.018324607329842934	0.00018551346003215568	0.03141361256544503	0.02797817812040511	4	51	21.0	43.0	29.0	17.0
2	383	Lhx9	0.05235602094240838	0.006891481496750079	0.0549738219895288	0.09989556279287079	0	111	2.0	5.0	2.0	1.0
2	383	Pax9	0.02356020942408377	0.0034079509694796006	0.03926701570680628	0.032045732503332376	0	111	17.0	27.0	7.0	15.0
2	383	Foxp2	0.020942408376963352	0.002102485880364431	0.020942408376963352	0.018255898640942136	1	63	43.0	77.0	3.0	9.0
2	383	Lef1	0.013089005235602094	0.00010993390224127744	0.02356020942408377	0.040015940415824985	7	7	13.0	68.0	2.0	1.0
2	352	Neurod2	0.025641025641025644	0.0006756206756206755	0.025641025641025644	0.0027106227106227106	3	49	141.0	45.0	15.0	11.0
2	352	Neurod1	0.014245014245014245	8.14000814000814e-06	0.022792022792022793	0.029328449328449326	3	49	22.0	57.0	35.0	24.0
2	352	Lhx9	0.042735042735042736	0.002686202686202686	0.04843304843304844	0.11799755799755798	0	93	2.0	7.0	8.0	1.0
2	352	Pax9	0.025641025641025644	0.0028327228327228327	0.039886039886039885	0.03148555148555148	0	93	18.0	20.0	7.0	6.0
2	352	Foxp2	0.008547008547008548	0.0011314611314611313	0.008547008547008548	0.009271469271469272	2	50	77.0	146.0	11.0	15.0
2	352	Lef1	0.014245014245014245	0.0002686202686202686	0.019943019943019943	0.0343019943019943	7	12	15.0	65.0	2.0	1.0
2	307	Neurod2	0.029411764705882353	0.0009321761491481839	0.029411764705882353	0.009568198864245151	2	50	66.0	34.0	15.0	9.0
2	307	Neurod1	0.016339869281045753	0.0	0.022875816993464054	0.03263687988856745	2	50	18.0	47.0	50.0	19.0
2	307	Lhx9	0.029411764705882353	0.002132219007821708	0.032679738562091505	0.11470052501875067	0	54	3.0	29.0	2.0	2.0
2	307	Pax9	0.022875816993464054	0.0011678988535304832	0.0392156862745098	0.04744455159112825	4	40	11.0	17.0	7.0	1.0
2	307	Foxp2	0.006535947712418301	0.0009321761491481839	0.006535947712418301	0.006482374370513232	3	45	84.0	156.0	14.0	19.0
2	307	Lef1	0.00980392156862745	0.0013500482160077145	0.016339869281045753	0.08622093646201649	4	40	4.0	76.0	5.0	14.0
2	277	Neurod2	0.028985507246376812	0.0007509881422924901	0.028985507246376812	0.03965744400527009	1	44	14.0	25.0	20.0	8.0
2	277	Neurod1	0.018115942028985508	0.0	0.025362318840579712	0.10678524374176548	1	44	1.0	37.0	44.0	18.0
2	277	Lhx9	0.025362318840579712	0.0018050065876152833	0.025362318840579712	0.026785243741765483	0	53	22.0	37.0	6.0	2.0
2	277	Pax9	0.018115942028985508	0.0005665349143610014	0.036231884057971016	0.0786034255599473	5	23	3.0	18.0	3.0	2.0
2	277	Foxp2	0.007246376811594203	0.0010408432147562582	0.007246376811594203	0.008735177865612648	3	38	62.0	143.0	9.0	16.0
2	277	Lef1	0.007246376811594203	0.00015810276679841898	0.010869565217391304	0.02106719367588933	7	12	30.0	108.0	4.0	5.0
2	217	Neurod2	0.032407407407407406	0.00032299741602067185	0.037037037037037035	0.07370801033591731	3	28	3.0	21.0	15.0	6.0
2	217	Neurod1	0.023148148148148147	0.0	0.032407407407407406	0.13882428940568475	3	28	1.0	28.0	28.0	11.0
2	217	Lhx9	0.023148148148148147	0.0001722652885443583	0.027777777777777776	0.006782945736434108	5	25	49.0	34.0	4.0	2.0
2	217	Pax9	0.032407407407407406	0.00409130060292851	0.041666666666666664	0.08130921619293711	1	40	2.0	18.0	2.0	1.0
2	217	Foxp2	0.009259259259259259	0.001335055986218777	0.009259259259259259	0.001335055986218777	2	31	91.0	111.0	2.0	14.0
2	217	Lef1	0.004629629629629629	4.3066322136089577e-05	0.009259259259259259	0.014922480620155039	8	5	31.0	111.0	2.0	4.0
2	155	Neurod2	0.045454545454545456	0.0007639419404125286	0.045454545454545456	0.03458959341312282	1	26	18.0	20.0	11.0	5.0
2	155	Neurod1	0.025974025974025976	0.0	0.03896103896103896	0.20507596978185214	1	26	1.0	27.0	26.0	10.0
2	155	Lhx9	0.01948051948051948	0.0002546473134708429	0.025974025974025976	0.034759358288770054	2	24	17.0	39.0	10.0	6.0
2	155	Pax9	0.025974025974025976	0.0010185892538833717	0.045454545454545456	0.11327561327561328	2	24	4.0	20.0	4.0	2.0
2	155	Lef1	0.006493506493506494	0.0002546473134708429	0.012987012987012988	0.02516764281470164	5	8	23.0	76.0	1.0	6.0
2	118	Neurod2	0.05982905982905984	0.0032419687592101384	0.05982905982905984	0.04140878278809313	2	23	17.0	15.0	7.0	4.0
2	118	Neurod1	0.017094017094017096	0.0	0.025641025641025644	0.12945770704391393	2	23	2.0	43.0	23.0	15.0
2	118	Lhx9	0.025641025641025644	0.000663129973474801	0.025641025641025644	0.005378720895962275	1	24	60.0	43.0	13.0	6.0
2	118	Pax9	0.03418803418803419	0.006041850869437076	0.042735042735042736	0.06395520188623637	1	24	12.0	25.0	2.0	2.0
2	118	Lef1	0.008547008547008548	0.0005894488653109342	0.017094017094017096	0.03507220748600059	4	8	26.0	61.0	1.0	6.0
2	92	Neurod2	0.05494505494505495	0.002442002442002442	0.06593406593406594	0.015995115995115994	2	15	29.0	15.0	5.0	3.0
2	92	Neurod1	0.0	0.0	0.01098901098901099	0.003418803418803419	3	14	47.0	79.0	14.0	14.0
2	92	Lhx9	0.02197802197802198	0.0008547008547008547	0.02197802197802198	0.0008547008547008547	0	24	53.0	46.0	12.0	9.0
2	92	Pax9	0.04395604395604396	0.003418803418803419	0.05494505494505495	0.046886446886446886	0	24	14.0	21.0	6.0	2.0
2	92	Lef1	0.02197802197802198	0.0004884004884004884	0.02197802197802198	0.004029304029304029	5	5	45.0	46.0	1.0	2.0
2	84	Neurod2	0.07228915662650603	0.0245371730825742	0.07228915662650603	0.155451072583015	1	25	1.0	11.0	2.0	2.0
2	84	Neurod1	0.0	0.0	0.0	0.0	1	25	84.0	84.0	25.0	25.0
2	84	Lhx9	0.012048192771084338	0.0007346459006758743	0.012048192771084338	0.0007346459006758743	3	8	46.0	68.0	4.0	6.0
2	84	Pax9	0.024096385542168676	0.003085512782838672	0.04819277108433735	0.047311196003526304	1	25	15.0	21.0	12.0	11.0
2	84	Lef1	0.0	0.0	0.0	0.0	7	3	84.0	84.0	3.0	3.0
2	71	Neurod2	0.08571428571428572	0.008902691511387164	0.08571428571428572	0.09171842650103519	1	13	7.0	6.0	1.0	1.0
2	71	Neurod1	0.0	0.0	0.0	0.0	1	13	71.0	71.0	13.0	13.0
2	71	Lhx9	0.014285714285714285	0.0008281573498964803	0.014285714285714285	0.0008281573498964803	4	7	32.0	55.0	3.0	5.0
2	71	Pax9	0.02857142857142857	0.0012422360248447205	0.04285714285714286	0.045134575569358175	2	11	12.0	24.0	3.0	5.0
2	71	Neurod2	0.08571428571428572	0.008902691511387164	0.08571428571428572	0.09171842650103519	1	13	7.0	6.0	1.0	1.0
2	71	Neurod1	0.0	0.0	0.0	0.0	1	13	71.0	71.0	13.0	13.0
2	71	Lhx9	0.014285714285714285	0.0008281573498964803	0.014285714285714285	0.0008281573498964803	4	7	32.0	55.0	3.0	5.0
2	71	Pax9	0.02857142857142857	0.0012422360248447205	0.04285714285714286	0.045134575569358175	2	11	12.0	24.0	3.0	5.0
2	71	Neurod2	0.08571428571428572	0.008902691511387164	0.08571428571428572	0.09171842650103519	1	13	7.0	6.0	1.0	1.0
2	71	Neurod1	0.0	0.0	0.0	0.0	1	13	71.0	71.0	13.0	13.0
2	71	Lhx9	0.014285714285714285	0.0008281573498964803	0.014285714285714285	0.0008281573498964803	4	7	32.0	55.0	3.0	5.0
2	71	Pax9	0.02857142857142857	0.0012422360248447205	0.04285714285714286	0.045134575569358175	2	11	12.0	24.0	3.0	5.0
2	71	Neurod2	0.08571428571428572	0.008902691511387164	0.08571428571428572	0.09171842650103519	1	13	7.0	6.0	1.0	1.0
2	71	Neurod1	0.0	0.0	0.0	0.0	1	13	71.0	71.0	13.0	13.0
2	71	Lhx9	0.014285714285714285	0.0008281573498964803	0.014285714285714285	0.0008281573498964803	4	7	32.0	55.0	3.0	5.0
2	71	Pax9	0.02857142857142857	0.0012422360248447205	0.04285714285714286	0.045134575569358175	2	11	12.0	24.0	3.0	5.0
2	71	Neurod2	0.08571428571428572	0.008902691511387164	0.08571428571428572	0.09171842650103519	1	13	7.0	6.0	1.0	1.0
2	71	Neurod1	0.0	0.0	0.0	0.0	1	13	71.0	71.0	13.0	13.0
2	71	Lhx9	0.014285714285714285	0.0008281573498964803	0.014285714285714285	0.0008281573498964803	4	7	32.0	55.0	3.0	5.0
2	71	Pax9	0.02857142857142857	0.0012422360248447205	0.04285714285714286	0.045134575569358175	2	11	12.0	24.0	3.0	5.0
3	617	Lhx9	0.08441558441558442	0.0022648083623693378	0.1444805194805195	0.046872030408615775	1	151	4.0	1.0	4.0	1.0
3	617	Lef1	0.034090909090909095	0.0022278534473656425	0.05194805194805195	0.030271354661598564	1	151	8.0	62.0	5.0	28.0
3	617	Neurod2	0.030844155844155847	0.00016893675430260796	0.04220779220779221	0.016938549255622427	4	51	24.0	95.0	17.0	11.0
3	617	Neurod1	0.024350649350649352	1.8477457501847746e-05	0.04707792207792208	0.004730229120473023	4	51	117.0	76.0	36.0	16.0
3	617	Foxp2	0.06331168831168832	0.00560922817020378	0.06655844155844157	0.05563034526449161	0	193	1.0	32.0	1.0	5.0
3	617	Pax9	0.07954545454545454	0.0026528349699081405	0.09415584415584416	0.039586632879315804	1	151	6.0	5.0	3.0	4.0
3	582	Lhx9	0.0774526678141136	0.002546145171820286	0.11531841652323581	0.05616357053831088	2	131	2.0	1.0	1.0	1.0
3	582	Lef1	0.024096385542168676	0.001210754347439017	0.0378657487091222	0.0350406552317645	2	131	8.0	82.0	19.0	25.0
3	582	Neurod2	0.03098106712564544	0.0004035847824796724	0.03614457831325301	0.01080182800166182	3	78	53.0	86.0	17.0	17.0
3	582	Neurod1	0.025817555938037865	9.199359012404297e-05	0.04302925989672978	0.007038993412071933	3	78	84.0	67.0	36.0	23.0
3	582	Foxp2	0.039586919104991396	0.002302807288266366	0.04302925989672978	0.05203869665855541	0	157	3.0	67.0	10.0	12.0
3	582	Pax9	0.05163511187607573	0.0012255920232654757	0.07228915662650602	0.025888776782004866	2	131	12.0	11.0	18.0	9.0
3	545	Lhx9	0.08272058823529412	0.0043298396706748996	0.10477941176470588	0.07143050590401906	0	150	2.0	1.0	1.0	1.0
3	545	Lef1	0.016544117647058824	0.0004197811721373632	0.02389705882352941	0.046676958076048096	0	150	6.0	119.0	39.0	28.0
3	545	Neurod2	0.027573529411764705	0.0002505145704690716	0.03125	0.009963032174195644	4	63	58.0	80.0	23.0	18.0
3	545	Neurod1	0.02389705882352941	0.00013202794930126745	0.04044117647058824	0.008206044848878777	4	63	72.0	57.0	28.0	24.0
3	545	Foxp2	0.027573529411764705	0.0019262539269851585	0.027573529411764705	0.024665529195103453	1	137	16.0	99.0	13.0	15.0
3	545	Pax9	0.044117647058823525	0.0012830408406456504	0.05698529411764706	0.021676281009641425	0	150	21.0	18.0	18.0	8.0
3	498	Lhx9	0.06438631790744467	0.0031682027649769587	0.09054325955734407	0.0310978775881093	1	123	11.0	1.0	4.0	1.0
3	498	Lef1	0.01609657947686117	0.0012169792951255923	0.024144869215291753	0.022132796780684104	1	123	20.0	92.0	17.0	25.0
3	498	Neurod2	0.022132796780684107	0.000316414616732654	0.022132796780684107	0.0037604660219380803	4	60	132.0	102.0	17.0	22.0
3	498	Neurod1	0.024144869215291753	0.00019066008956967613	0.03621730382293763	0.018940254429804633	4	60	26.0	50.0	25.0	18.0
3	498	Foxp2	0.022132796780684107	0.00310329720257026	0.022132796780684107	0.059684721230609465	0	135	4.0	102.0	3.0	16.0
3	498	Pax9	0.03822937625754527	0.0025881093009670927	0.052313883299798795	0.026485526059583306	1	123	14.0	14.0	7.0	9.0
3	455	Lhx9	0.05726872246696036	0.0020519104161196527	0.07268722466960353	0.07967927959467476	1	76	3.0	1.0	1.0	1.0
3	455	Lef1	0.013215859030837006	0.0009870564323987902	0.019823788546255508	0.08914140677422179	2	66	1.0	91.0	9.0	21.0
3	455	Neurod2	0.01762114537444934	0.00011669632698310821	0.019823788546255508	0.0006369674514494657	6	37	198.0	91.0	20.0	16.0
3	455	Neurod1	0.01762114537444934	0.00012642102089836723	0.02863436123348018	0.009851114936157385	6	37	71.0	60.0	19.0	16.0
3	455	Foxp2	0.01762114537444934	0.0033939181764253974	0.01762114537444934	0.07758847040289407	0	118	4.0	105.0	4.0	16.0
3	455	Pax9	0.024229074889867842	0.0013031089846447083	0.04185022026431719	0.06138226799311492	2	66	7.0	23.0	3.0	9.0
3	390	Lhx9	0.06426735218508997	0.002418307582222458	0.07455012853470437	0.06921660085336442	1	70	7.0	1.0	1.0	1.0
3	390	Lef1	0.012853470437017993	0.0006758010229772348	0.01799485861182519	0.0927371266530623	6	35	3.0	93.0	5.0	10.0
3	390	Neurod2	0.02056555269922879	0.00032464951103808337	0.02056555269922879	0.0007553070256804389	2	52	179.0	85.0	24.0	18.0
3	390	Neurod1	0.015424164524421594	0.00014576100495587417	0.025706940874035987	0.011216971881377043	2	52	74.0	57.0	30.0	23.0
3	390	Foxp2	0.01799485861182519	0.004856491665120716	0.01799485861182519	0.024792621842949142	0	94	40.0	93.0	1.0	14.0
3	390	Pax9	0.01799485861182519	0.00046378501576869053	0.030848329048843187	0.030828452548167386	6	35	28.0	41.0	7.0	5.0
3	343	Lhx9	0.043859649122807015	0.002049356039169282	0.05555555555555555	0.07679511584435184	1	53	5.0	8.0	1.0	1.0
3	343	Lef1	0.005847953216374269	0.0007288504741815438	0.014619883040935672	0.08841384987395175	4	48	3.0	97.0	11.0	36.0
3	343	Neurod2	0.017543859649122806	0.0001543448062972681	0.02046783625730994	0.00194645950163777	6	32	139.0	67.0	16.0	14.0
3	343	Neurod1	0.017543859649122806	0.00029154018967261753	0.029239766081871343	0.027164685908319188	6	32	26.0	44.0	13.0	14.0
3	343	Foxp2	0.014619883040935672	0.0021179537308569567	0.014619883040935672	0.010872734132496443	0	74	65.0	97.0	9.0	13.0
3	343	Pax9	0.023391812865497075	0.0010546895096979988	0.03216374269005848	0.08234295415959253	3	51	4.0	37.0	11.0	9.0
3	299	Lhx9	0.03691275167785235	0.001141165570695772	0.04697986577181208	0.10620748875782432	1	48	1.0	10.0	3.0	2.0
3	299	Lef1	0.006711409395973154	3.3896007050369466e-05	0.016778523489932886	0.07818678959618557	7	4	2.0	77.0	1.0	2.0
3	299	Neurod2	0.02348993288590604	0.0004406480916548031	0.02348993288590604	0.004180507536212234	5	31	97.0	50.0	13.0	10.0
3	299	Neurod1	0.020134228187919462	0.0004406480916548031	0.030201342281879193	0.0387431360585723	5	31	26.0	36.0	13.0	12.0
3	299	Foxp2	0.016778523489932886	0.0040901181840779155	0.016778523489932886	0.04153390730571938	0	59	23.0	77.0	3.0	6.0
3	299	Pax9	0.020134228187919462	0.0010733735565950332	0.026845637583892617	0.07623211985628092	2	44	3.0	44.0	12.0	8.0
3	256	Lhx9	0.03529411764705882	0.0020379805465493284	0.043137254901960784	0.0719932067315115	3	38	2.0	14.0	1.0	2.0
3	256	Lef1	0.011764705882352941	0.0007102053419793114	0.01568627450980392	0.046333178940867685	0	47	9.0	73.0	12.0	23.0
3	256	Neurod2	0.023529411764705882	0.0003551026709896557	0.027450980392156862	0.0021923730121970048	4	32	101.0	36.0	18.0	13.0
3	256	Neurod1	0.023529411764705882	0.0004322989038134939	0.03137254901960784	0.056399567701096186	4	32	4.0	32.0	15.0	13.0
3	256	Foxp2	0.0196078431372549	0.001065308012968967	0.0196078431372549	0.007966651227420102	1	46	62.0	60.0	5.0	4.0
3	256	Pax9	0.027450980392156862	0.002902578354176316	0.03137254901960784	0.07633163501621121	2	38	1.0	32.0	1.0	3.0
3	206	Lhx9	0.029268292682926828	0.0016977522716403635	0.03902439024390244	0.09461979913916786	4	23	4.0	20.0	1.0	2.0
3	206	Lef1	0.00975609756097561	2.3912003825920613e-05	0.014634146341463414	0.002965088474414156	7	3	87.0	72.0	1.0	1.0
3	206	Neurod2	0.024390243902439025	0.0005021520803443328	0.024390243902439025	0.00272596843615495	3	31	92.0	42.0	14.0	13.0
3	206	Neurod1	0.029268292682926828	0.0011956001912960307	0.03414634146341464	0.13448110951697753	3	31	1.0	27.0	10.0	9.0
3	206	Foxp2	0.01951219512195122	0.0006695361071257772	0.01951219512195122	0.0006695361071257772	1	44	100.0	55.0	13.0	6.0
3	206	Pax9	0.01951219512195122	0.0035389765662362507	0.029268292682926828	0.03744619799139168	2	40	20.0	33.0	4.0	10.0
3	128	Lhx9	0.03937007874015748	0.004686914135733033	0.03937007874015748	0.07699037620297462	3	17	13.0	36.0	1.0	2.0
3	128	Lef1	0.015748031496062992	0.0	0.023622047244094488	0.0	6	4	128.0	51.0	4.0	1.0
3	128	Neurod2	0.03937007874015748	0.0031871016122984623	0.03937007874015748	0.02862142232220972	1	27	31.0	36.0	10.0	10.0
3	128	Neurod1	0.047244094488188976	0.004811898512685914	0.05511811023622047	0.24096987876515433	1	27	1.0	16.0	5.0	5.0
3	128	Pax9	0.031496062992125984	0.0026246719160104987	0.03937007874015748	0.07080364954380702	2	20	14.0	36.0	5.0	5.0
3	114	Lhx9	0.035398230088495575	0.0026864728192161824	0.035398230088495575	0.003871681415929204	4	13	41.0	33.0	1.0	1.0
3	114	Lef1	0.017699115044247787	0.0	0.02654867256637168	0.0	7	3	114.0	43.0	3.0	1.0
3	114	Neurod2	0.02654867256637168	0.002844500632111252	0.02654867256637168	0.011694058154235146	1	27	29.0	43.0	10.0	11.0
3	114	Neurod1	0.02654867256637168	0.004898862199747156	0.035398230088495575	0.18070480404551204	1	27	1.0	33.0	6.0	11.0
3	114	Pax9	0.035398230088495575	0.0003160556257901391	0.04424778761061947	0.001027180783817952	2	17	51.0	22.0	9.0	4.0
3	99	Lhx9	0.04081632653061224	0.003471491689459289	0.04081632653061224	0.0045234588680833155	3	12	40.0	28.0	1.0	1.0
3	99	Neurod2	0.030612244897959183	0.005680622764569745	0.030612244897959183	0.034714916894592884	1	27	16.0	35.0	8.0	10.0
3	99	Neurod1	0.030612244897959183	0.004207868714496107	0.04081632653061224	0.2160740584893751	1	27	1.0	28.0	10.0	10.0
3	99	Pax9	0.030612244897959183	0.0003155901535872081	0.04081632653061224	0.0011571638964864295	2	23	48.0	28.0	13.0	7.0
3	76	Neurod2	0.02666666666666667	0.0016216216216216215	0.02666666666666667	0.015675675675675675	1	24	24.0	36.0	10.0	11.0
3	76	Neurod1	0.02666666666666667	0.0	0.04	0.14198198198198198	1	24	1.0	27.0	24.0	11.0
3	76	Pax9	0.02666666666666667	0.001981981981981982	0.02666666666666667	0.0050450450450450456	2	14	34.0	36.0	4.0	5.0
3	63	Neurod2	0.03225806451612903	0.0021152829190904283	0.03225806451612903	0.01956636700158646	0	23	24.0	31.0	10.0	10.0
3	63	Neurod1	0.03225806451612903	0.0	0.04838709677419355	0.1641988365943945	0	23	1.0	22.0	23.0	10.0
3	63	Pax9	0.016129032258064516	0.0026441036488630354	0.016129032258064516	0.006081438392384982	3	12	30.0	47.0	5.0	8.0
3	30	Neurod2	0.034482758620689655	0.003694581280788177	0.06896551724137931	0.024630541871921183	2	5	7.0	11.0	3.0	4.0
3	30	Neurod1	0.034482758620689655	0.0	0.06896551724137931	0.0	2	5	30.0	11.0	5.0	4.0
3	30	Pax9	0.034482758620689655	0.003694581280788177	0.034482758620689655	0.007389162561576354	4	5	15.0	24.0	3.0	4.0
3	30	Neurod2	0.034482758620689655	0.003694581280788177	0.06896551724137931	0.024630541871921183	2	5	7.0	11.0	3.0	4.0
3	30	Neurod1	0.034482758620689655	0.0	0.06896551724137931	0.0	2	5	30.0	11.0	5.0	4.0
3	30	Pax9	0.034482758620689655	0.003694581280788177	0.034482758620689655	0.007389162561576354	4	5	15.0	24.0	3.0	4.0
3	30	Neurod2	0.034482758620689655	0.003694581280788177	0.06896551724137931	0.024630541871921183	2	5	7.0	11.0	3.0	4.0
3	30	Neurod1	0.034482758620689655	0.0	0.06896551724137931	0.0	2	5	30.0	11.0	5.0	4.0
3	30	Pax9	0.034482758620689655	0.003694581280788177	0.034482758620689655	0.007389162561576354	4	5	15.0	24.0	3.0	4.0
3	30	Neurod2	0.034482758620689655	0.003694581280788177	0.06896551724137931	0.024630541871921183	2	5	7.0	11.0	3.0	4.0
3	30	Neurod1	0.034482758620689655	0.0	0.06896551724137931	0.0	2	5	30.0	11.0	5.0	4.0
3	30	Pax9	0.034482758620689655	0.003694581280788177	0.034482758620689655	0.007389162561576354	4	5	15.0	24.0	3.0	4.0
3	30	Neurod2	0.034482758620689655	0.003694581280788177	0.06896551724137931	0.024630541871921183	2	5	7.0	11.0	3.0	4.0
3	30	Neurod1	0.034482758620689655	0.0	0.06896551724137931	0.0	2	5	30.0	11.0	5.0	4.0
3	30	Pax9	0.034482758620689655	0.003694581280788177	0.034482758620689655	0.007389162561576354	4	5	15.0	24.0	3.0	4.0
4	622	Foxp2	0.061191626409017714	0.0018596436548750715	0.06924315619967794	0.047410524128616696	1	155	3.0	27.0	8.0	4.0
4	622	Neurod2	0.03542673107890499	9.609890395304141e-05	0.04508856682769726	0.004111474728585528	4	70	130.0	75.0	29.0	14.0
4	622	Neurod1	0.024154589371980676	5.713988883694354e-05	0.04508856682769726	0.007724274063685004	4	70	76.0	75.0	38.0	24.0
4	622	Lhx9	0.10466988727858292	0.0034621578099838972	0.13365539452495975	0.03984208612539609	0	168	5.0	1.0	1.0	1.0
4	622	Lef1	0.024154589371980676	0.0019297698820840477	0.04186795491143317	0.03682925562308452	0	168	6.0	90.0	13.0	27.0
4	622	Pax9	0.05475040257648953	0.0012752584281336035	0.07085346215780998	0.020721001506415253	0	168	14.0	25.0	23.0	15.0
4	586	Foxp2	0.0547008547008547	0.0029563282987940523	0.06153846153846154	0.05412715138742536	0	145	2.0	25.0	2.0	3.0
4	586	Neurod2	0.041025641025641026	0.00045662100456621003	0.042735042735042736	0.005634586114038169	2	124	100.0	61.0	39.0	16.0
4	586	Neurod1	0.02735042735042735	0.000521016274440932	0.039316239316239315	0.005382859149982437	2	124	102.0	72.0	36.0	31.0
4	586	Lhx9	0.08547008547008547	0.0023270108886547245	0.11794871794871795	0.039813839128907624	3	114	4.0	1.0	1.0	1.0
4	586	Lef1	0.018803418803418803	0.001009834913944503	0.02735042735042735	0.018727315302657768	2	124	17.0	116.0	17.0	46.0
4	586	Pax9	0.044444444444444446	0.0017328181711743357	0.06666666666666667	0.036722866174920966	2	124	7.0	16.0	7.0	11.0
4	545	Foxp2	0.042279411764705885	0.003652773264001733	0.04595588235294117	0.058478225544361384	0	137	4.0	39.0	2.0	5.0
4	545	Neurod2	0.03860294117647059	0.000626286426172679	0.042279411764705885	0.007610226411006391	2	117	87.0	50.0	29.0	14.0
4	545	Neurod1	0.022058823529411763	0.00027759722673599823	0.034926470588235295	0.007234454555302783	2	117	90.0	71.0	49.0	32.0
4	545	Lhx9	0.07904411764705882	0.001513243418914527	0.10477941176470588	0.04447310692232694	3	99	5.0	1.0	6.0	1.0
4	545	Lef1	0.014705882352941176	0.000545038457371899	0.022058823529411763	0.012691609793088506	2	117	40.0	118.0	34.0	51.0
4	545	Pax9	0.03860294117647059	0.0022309338099880836	0.05698529411764706	0.0627471292384357	2	117	2.0	18.0	3.0	14.0
4	497	Foxp2	0.028225806451612902	0.002370478983382209	0.03024193548387097	0.03549201694362985	2	93	11.0	65.0	3.0	7.0
4	497	Neurod2	0.03629032258064516	0.00033398501140436624	0.04435483870967742	0.012023460410557185	5	53	56.0	29.0	14.0	4.0
4	497	Neurod1	0.02217741935483871	5.70218312153796e-05	0.03024193548387097	0.017839687194525906	5	53	35.0	65.0	28.0	12.0
4	497	Lhx9	0.07258064516129031	0.0037756598240469208	0.0846774193548387	0.05265558813945911	0	109	3.0	1.0	1.0	1.0
4	497	Lef1	0.008064516129032258	0.000285109156076898	0.020161290322580645	0.027447865754317367	3	79	18.0	107.0	19.0	32.0
4	497	Pax9	0.026209677419354836	0.0008675464320625611	0.04838709677419355	0.03746741609644835	3	79	10.0	22.0	9.0	9.0
4	441	Foxp2	0.02727272727272727	0.0038103126941395737	0.02727272727272727	0.015733071029198593	0	105	45.0	66.0	3.0	6.0
4	441	Neurod2	0.03636363636363636	0.0006574860219507145	0.04090909090909091	0.01509629322841168	5	41	48.0	28.0	5.0	2.0
4	441	Neurod1	0.015909090909090907	9.318699523710914e-05	0.022727272727272728	0.014821909297991303	5	41	53.0	82.0	26.0	17.0
4	441	Lhx9	0.05454545454545454	0.0022934354938910747	0.07272727272727272	0.09140608821702216	2	71	1.0	1.0	1.0	1.0
4	441	Lef1	0.004545454545454545	0.0003416856492027335	0.01818181818181818	0.056067508800993995	1	97	9.0	106.0	47.0	49.0
4	441	Pax9	0.024999999999999998	0.0006989024642783185	0.045454545454545456	0.039609650031062336	3	64	14.0	20.0	9.0	8.0
4	387	Foxp2	0.01295336787564767	0.003882645851557769	0.01295336787564767	0.01812125698136061	1	100	48.0	114.0	5.0	15.0
4	387	Neurod2	0.038860103626943004	0.0008747728954982841	0.038860103626943004	0.02610860641948725	4	51	32.0	24.0	8.0	4.0
4	387	Neurod1	0.01295336787564767	0.0	0.02072538860103627	0.014272256241168159	4	51	61.0	73.0	51.0	29.0
4	387	Lhx9	0.06217616580310881	0.005389946840724043	0.06735751295336788	0.10920530246955118	0	103	2.0	1.0	1.0	1.0
4	387	Lef1	0.0051813471502590676	0.0007738375614023283	0.010362694300518135	0.007287531121728013	0	103	108.0	143.0	25.0	39.0
4	387	Pax9	0.02849740932642487	0.002657963797860171	0.03367875647668394	0.02046968575465985	0	103	43.0	34.0	11.0	10.0
4	339	Foxp2	0.014792899408284023	0.004091092655347391	0.014792899408284023	0.02893614032623391	1	61	39.0	94.0	4.0	9.0
4	339	Neurod2	0.03254437869822485	0.001422225343704458	0.03254437869822485	0.039339455340368375	5	36	30.0	34.0	2.0	5.0
4	339	Neurod1	0.014792899408284023	9.657085667129036e-05	0.02071005917159763	0.018857654557266516	5	36	55.0	63.0	23.0	15.0
4	339	Lhx9	0.05325443786982249	0.0056537846996646355	0.0621301775147929	0.14599757694941443	0	65	1.0	4.0	1.0	1.0
4	339	Lef1	0.005917159763313609	0.0006759959966990325	0.011834319526627219	0.022966305550190507	4	49	48.0	115.0	14.0	24.0
4	339	Pax9	0.014792899408284023	0.002282583884957772	0.03550295857988166	0.048092286622302596	0	65	21.0	24.0	5.0	13.0
4	296	Foxp2	0.010169491525423728	0.00020754064337599447	0.010169491525423728	0.0006572120373573158	6	11	129.0	114.0	1.0	3.0
4	296	Neurod2	0.030508474576271184	0.001118413467081748	0.030508474576271184	0.008290095699296668	5	31	48.0	30.0	3.0	6.0
4	296	Neurod1	0.010169491525423728	8.071025020177563e-05	0.01694915254237288	0.01837887697451862	5	31	21.0	71.0	20.0	18.0
4	296	Lhx9	0.04406779661016949	0.009235558630231754	0.04745762711864407	0.06832699181367463	0	65	1.0	14.0	1.0	1.0
4	296	Lef1	0.003389830508474576	0.0002767208578346593	0.010169491525423728	0.007333102732618471	3	42	53.0	114.0	17.0	24.0
4	296	Pax9	0.023728813559322035	0.00472731465467543	0.03728813559322034	0.06315000576501788	0	65	3.0	23.0	5.0	6.0
4	243	Neurod2	0.03305785123966942	0.001851788347450362	0.03305785123966942	0.018174959706457255	3	28	30.0	25.0	1.0	7.0
4	243	Neurod1	0.012396694214876033	0.000102877130413909	0.02066115702479339	0.024261856589280203	3	28	21.0	52.0	19.0	17.0
4	243	Lhx9	0.028925619834710745	0.003292068173245088	0.0371900826446281	0.0899489043585611	1	37	1.0	19.0	1.0	1.0
4	243	Lef1	0.004132231404958678	0.0	0.008264462809917356	0.003909330955728541	2	32	78.0	119.0	32.0	20.0
4	243	Pax9	0.02066115702479339	0.0024519049415314977	0.04132231404958678	0.0864510819244882	1	37	2.0	18.0	3.0	5.0
4	185	Neurod2	0.03804347826086957	0.0027916369684010452	0.03804347826086957	0.026758137324780232	3	24	26.0	26.0	1.0	6.0
4	185	Neurod1	0.016304347826086956	0.00023758612497030174	0.021739130434782608	0.05307080066524115	3	24	9.0	53.0	15.0	16.0
4	185	Lhx9	0.02717391304347826	0.00546448087431694	0.03260869565217391	0.09129246851983844	2	26	1.0	31.0	1.0	3.0
4	185	Lef1	0.005434782608695652	0.0	0.010869565217391304	0.014849132810643859	8	9	43.0	92.0	9.0	7.0
4	185	Pax9	0.021739130434782608	0.00207887859349014	0.03804347826086957	0.07537419814682822	2	26	2.0	26.0	4.0	4.0
4	146	Neurod2	0.041379310344827586	0.003017241379310345	0.041379310344827586	0.08204022988505748	2	24	5.0	22.0	3.0	6.0
4	146	Neurod1	0.020689655172413793	0.001293103448275862	0.027586206896551724	0.11024904214559388	2	24	4.0	38.0	7.0	15.0
4	146	Lhx9	0.020689655172413793	0.007950191570881227	0.020689655172413793	0.07174329501915709	0	32	7.0	53.0	1.0	8.0
4	146	Lef1	0.006896551724137931	0.0	0.006896551724137931	0.0	6	9	146.0	103.0	9.0	7.0
4	146	Pax9	0.034482758620689655	0.000814176245210728	0.041379310344827586	0.013936781609195403	0	32	32.0	22.0	10.0	2.0
4	129	Neurod2	0.046875	0.004921259842519685	0.046875	0.057455708661417325	2	26	10.0	17.0	2.0	4.0
4	129	Neurod1	0.0234375	0.004552165354330708	0.03125	0.1561884842519685	2	26	1.0	29.0	4.0	14.0
4	129	Lhx9	0.015625	0.01107283464566929	0.015625	0.05111958661417323	0	32	12.0	62.0	1.0	11.0
4	129	Lef1	0.0078125	0.0	0.0078125	0.0	0	32	129.0	92.0	32.0	19.0
4	129	Pax9	0.015625	0.0012303149606299212	0.0234375	0.0013533464566929134	0	32	61.0	39.0	11.0	11.0
4	108	Neurod2	0.04672897196261682	0.008199612061364839	0.04672897196261682	0.07247399047786986	1	24	8.0	16.0	2.0	4.0
4	108	Neurod1	0.018691588785046728	0.002821371892082525	0.02803738317757009	0.07838123787691766	1	24	6.0	33.0	7.0	15.0
4	108	Lhx9	0.0	0.0	0.009345794392523364	0.008640451419502733	4	13	33.0	76.0	13.0	13.0
4	108	Pax9	0.009345794392523364	8.816787162757891e-05	0.018691588785046728	0.0011461823311585259	2	19	51.0	50.0	5.0	10.0
4	50	Neurod2	0.08163265306122448	0.002125850340136054	0.08163265306122448	0.047619047619047616	1	10	3.0	8.0	5.0	3.0
4	50	Neurod1	0.02040816326530612	0.003826530612244898	0.04081632653061224	0.01870748299319728	1	10	14.0	21.0	4.0	9.0
4	50	Lhx9	0.02040816326530612	0.007653061224489796	0.02040816326530612	0.01998299319727891	0	13	13.0	36.0	1.0	9.0
4	50	Pax9	0.04081632653061224	0.0	0.04081632653061224	0.0	0	13	50.0	21.0	13.0	3.0
4	50	Neurod2	0.08163265306122448	0.002125850340136054	0.08163265306122448	0.047619047619047616	1	10	3.0	8.0	5.0	3.0
4	50	Neurod1	0.02040816326530612	0.003826530612244898	0.04081632653061224	0.01870748299319728	1	10	14.0	21.0	4.0	9.0
4	50	Lhx9	0.02040816326530612	0.007653061224489796	0.02040816326530612	0.01998299319727891	0	13	13.0	36.0	1.0	9.0
4	50	Pax9	0.04081632653061224	0.0	0.04081632653061224	0.0	0	13	50.0	21.0	13.0	3.0
4	50	Neurod2	0.08163265306122448	0.002125850340136054	0.08163265306122448	0.047619047619047616	1	10	3.0	8.0	5.0	3.0
4	50	Neurod1	0.02040816326530612	0.003826530612244898	0.04081632653061224	0.01870748299319728	1	10	14.0	21.0	4.0	9.0
4	50	Lhx9	0.02040816326530612	0.007653061224489796	0.02040816326530612	0.01998299319727891	0	13	13.0	36.0	1.0	9.0
4	50	Pax9	0.04081632653061224	0.0	0.04081632653061224	0.0	0	13	50.0	21.0	13.0	3.0
4	25	Neurod2	0.041666666666666664	0.0036231884057971015	0.08333333333333333	0.025362318840579712	2	5	4.0	10.0	1.0	3.0
4	25	Neurod1	0.0	0.0	0.0	0.0	2	5	25.0	25.0	5.0	5.0
4	22	Neurod2	0.047619047619047616	0.004761904761904762	0.09523809523809523	0.04047619047619048	2	5	3.0	8.0	1.0	3.0
4	22	Neurod1	0.0	0.0	0.0	0.0	2	5	22.0	22.0	5.0	5.0
4	20	Neurod2	0.05263157894736842	0.0029239766081871343	0.10526315789473684	0.02046783625730994	1	4	4.0	8.0	1.0	2.0
4	20	Neurod1	0.0	0.0	0.0	0.0	1	4	20.0	20.0	4.0	4.0
4	14	Neurod2	0.07692307692307693	0.00641025641025641	0.07692307692307693	0.00641025641025641	1	4	4.0	7.0	1.0	2.0
4	14	Neurod1	0.0	0.0	0.0	0.0	1	4	14.0	14.0	4.0	4.0
5	612	Neurod2	0.029459901800327332	6.439322797885756e-05	0.03764320785597382	0.009057980735692629	4	69	54.0	97.0	39.0	17.0
5	612	Lhx9	0.09328968903436989	0.0016956883367765822	0.1260229132569558	0.07788360924042821	1	154	1.0	1.0	10.0	1.0
5	612	Pax9	0.05237315875613748	0.0011537120012878644	0.07364975450081833	0.017525690214912397	1	154	19.0	16.0	18.0	14.0
5	612	Neurod1	0.027823240589198037	0.00017976442810764402	0.05237315875613748	0.012878645595771511	4	69	33.0	53.0	25.0	20.0
5	612	Lef1	0.01309328968903437	0.0004319712376915028	0.03109656301145663	0.01859891068122669	3	112	16.0	118.0	33.0	64.0
5	612	Foxp2	0.06382978723404256	0.0031311207104719485	0.06873977086743044	0.047873681951114806	0	158	4.0	28.0	3.0	4.0
5	572	Neurod2	0.02626970227670753	3.68697575813439e-05	0.03152364273204904	0.0024702737579500415	4	61	174.0	97.0	38.0	19.0
5	572	Lhx9	0.08231173380035026	0.002003256828586352	0.11558669001751314	0.04542661382001413	2	130	5.0	1.0	4.0	1.0
5	572	Pax9	0.047285464098073555	0.0014932251820444279	0.06304728546409807	0.024254155528927394	2	130	9.0	17.0	6.0	9.0
5	572	Neurod1	0.024518388791593695	0.00012904415153470366	0.043782837127845885	0.012738501244354317	4	61	42.0	60.0	28.0	21.0
5	572	Lef1	0.008756567425569177	9.217439395335975e-06	0.024518388791593695	0.02801794328202292	3	70	7.0	125.0	45.0	45.0
5	572	Foxp2	0.050788091068301226	0.002845116293360371	0.05253940455341506	0.05796847635726795	0	148	2.0	40.0	5.0	5.0
5	526	Neurod2	0.022857142857142857	1.4540167211922937e-05	0.02857142857142857	0.003947655398037078	4	57	136.0	89.0	40.0	20.0
5	526	Lhx9	0.07047619047619047	0.0016866593965830607	0.09523809523809523	0.04904761904761905	1	123	4.0	1.0	7.0	1.0
5	526	Pax9	0.0380952380952381	0.0014721919302071974	0.05142857142857143	0.01761177753544166	1	123	23.0	30.0	10.0	8.0
5	526	Neurod1	0.022857142857142857	6.179571065067248e-05	0.0380952380952381	0.006423118865866957	4	57	97.0	59.0	31.0	20.0
5	526	Lef1	0.007619047619047619	0.0	0.01904761904761905	0.03797891675754271	3	70	8.0	125.0	70.0	45.0
5	526	Foxp2	0.04	0.003555070883315158	0.04	0.05547073791348601	0	145	3.0	53.0	3.0	6.0
5	474	Neurod2	0.023255813953488372	2.687497760418533e-05	0.025369978858350954	0.0015856236786469346	4	52	185.0	85.0	34.0	17.0
5	474	Lhx9	0.0613107822410148	0.0018946859210950658	0.07610993657505286	0.07905722578564518	0	127	2.0	1.0	15.0	1.0
5	474	Pax9	0.042283298097251586	0.0028711434407137997	0.048625792811839326	0.013616655319453901	0	127	58.0	23.0	5.0	5.0
5	474	Neurod1	0.021141649048625793	3.135414053821622e-05	0.03594080338266385	0.008107284910595909	4	52	86.0	51.0	33.0	19.0
5	474	Lef1	0.0063424947145877385	0.0	0.019027484143763214	0.03759809366825528	3	64	6.0	107.0	64.0	44.0
5	474	Foxp2	0.03805496828752643	0.00332801805998495	0.03805496828752643	0.015336653886121763	1	125	45.0	45.0	2.0	3.0
5	428	Neurod2	0.02576112412177986	0.00013743664170817252	0.02810304449648712	0.00523358731624721	4	51	118.0	63.0	24.0	15.0
5	428	Lhx9	0.06557377049180328	0.003666809600774043	0.06791569086651054	0.04130245956614001	0	131	10.0	1.0	7.0	1.0
5	428	Pax9	0.03981264637002342	0.003842728502160504	0.046838407494145196	0.026107464458884455	0	131	23.0	15.0	6.0	5.0
5	428	Neurod1	0.01873536299765808	0.00013193917603984562	0.03278688524590164	0.01474420292245275	4	51	55.0	46.0	25.0	18.0
5	428	Lef1	0.00702576112412178	4.397972534661521e-05	0.01873536299765808	0.0206814658442458	3	61	35.0	96.0	37.0	43.0
5	428	Foxp2	0.023419203747072598	0.002710250574485162	0.023419203747072598	0.011506195643808205	1	95	70.0	76.0	4.0	8.0
5	376	Neurod2	0.026666666666666665	0.0005846702317290552	0.029333333333333333	0.020563279857397504	4	53	37.0	50.0	16.0	15.0
5	376	Lhx9	0.064	0.004884135472370766	0.064	0.031122994652406415	0	100	26.0	2.0	1.0	1.0
5	376	Pax9	0.034666666666666665	0.003693404634581105	0.03733333333333333	0.06775757575757575	0	100	9.0	28.0	3.0	5.0
5	376	Neurod1	0.021333333333333333	0.000427807486631016	0.03733333333333333	0.030787878787878788	4	53	27.0	28.0	21.0	17.0
5	376	Lef1	0.005333333333333333	0.0006488413547237076	0.013333333333333332	0.02514795008912656	1	84	30.0	112.0	29.0	42.0
5	376	Foxp2	0.013333333333333332	0.002545454545454545	0.013333333333333332	0.021568627450980392	2	80	36.0	112.0	7.0	18.0
5	318	Neurod2	0.031545741324921134	0.0005191071357265503	0.031545741324921134	0.08019206964021883	4	45	7.0	38.0	18.0	8.0
5	318	Lhx9	0.0473186119873817	0.004262668210677635	0.0473186119873817	0.02064449147466358	0	81	37.0	16.0	4.0	1.0
5	318	Pax9	0.03470031545741325	0.004003114642814359	0.03785488958990536	0.08761929481292177	0	81	4.0	24.0	6.0	3.0
5	318	Neurod1	0.01892744479495268	0.0003294333745956954	0.03470031545741325	0.08714011899532804	4	45	5.0	29.0	25.0	17.0
5	318	Lef1	0.006309148264984227	0.00025955356786327516	0.012618296529968454	0.011310545861118876	1	76	61.0	104.0	26.0	30.0
5	318	Foxp2	0.00946372239747634	0.0007886435331230284	0.00946372239747634	0.005340813800263547	2	65	92.0	130.0	17.0	18.0
5	282	Neurod2	0.03558718861209964	0.0013218098627351296	0.03558718861209964	0.057511438739196744	4	39	8.0	25.0	7.0	7.0
5	282	Lhx9	0.042704626334519574	0.001626842907981698	0.042704626334519574	0.047280122013218094	5	34	14.0	17.0	1.0	1.0
5	282	Pax9	0.02491103202846975	0.000826131164209456	0.03914590747330961	0.09453482460599898	2	43	1.0	20.0	8.0	5.0
5	282	Neurod1	0.010676156583629894	8.89679715302491e-05	0.02491103202846975	0.035815963396034566	4	39	18.0	46.0	25.0	24.0
5	282	Lef1	0.0035587188612099642	0.0	0.010676156583629894	0.007155566853075749	3	39	68.0	114.0	39.0	21.0
5	282	Foxp2	0.0071174377224199285	0.0004956786985256735	0.0071174377224199285	0.003927300457549568	0	52	86.0	143.0	15.0	20.0
5	237	Neurod2	0.038135593220338986	0.0009917057338622432	0.0423728813559322	0.11691309051568698	3	29	1.0	20.0	6.0	6.0
5	237	Lhx9	0.03389830508474576	0.0016588532275513884	0.03389830508474576	0.04359899026325279	4	28	10.0	27.0	2.0	2.0
5	237	Pax9	0.025423728813559324	0.0010818608005769925	0.0423728813559322	0.10450775333573747	2	38	2.0	20.0	5.0	5.0
5	237	Neurod1	0.01694915254237288	3.606202668589975e-05	0.029661016949152543	0.045492246664262534	0	46	9.0	34.0	32.0	20.0
5	237	Lef1	0.00847457627118644	3.606202668589975e-05	0.012711864406779662	0.002434186801298233	6	23	75.0	89.0	8.0	6.0
5	237	Foxp2	0.00847457627118644	0.00043274432023079695	0.00847457627118644	0.00043274432023079695	1	42	98.0	114.0	11.0	16.0
5	193	Neurod2	0.041666666666666664	0.0018542757417102968	0.041666666666666664	0.09135034904013961	3	26	4.0	19.0	3.0	4.0
5	193	Lhx9	0.03645833333333333	0.005535558464223386	0.03645833333333333	0.0481293630017452	1	33	11.0	27.0	3.0	2.0
5	193	Pax9	0.03645833333333333	0.005071989528795812	0.041666666666666664	0.10097622164048865	1	33	3.0	19.0	4.0	2.0
5	193	Neurod1	0.010416666666666666	0.0	0.03645833333333333	0.05039267015706806	7	10	10.0	27.0	10.0	5.0
5	193	Lef1	0.005208333333333333	5.453752181500873e-05	0.010416666666666666	0.0030541012216404886	8	7	64.0	93.0	2.0	5.0
5	193	Foxp2	0.010416666666666666	0.0006544502617801048	0.010416666666666666	0.0006544502617801048	2	32	83.0	93.0	10.0	12.0
5	150	Neurod2	0.040268456375838924	0.001949936513694903	0.040268456375838924	0.1306457464175585	3	20	1.0	24.0	3.0	5.0
5	150	Lhx9	0.03355704697986577	0.002766189007799746	0.03355704697986577	0.01954471249773263	1	26	15.0	26.0	4.0	1.0
5	150	Pax9	0.020134228187919462	0.002902231090150553	0.026845637583892617	0.08008343914384182	1	26	4.0	35.0	3.0	7.0
5	150	Neurod1	0.020134228187919462	9.069472156720479e-05	0.040268456375838924	0.06616179938327589	4	18	6.0	24.0	11.0	7.0
5	150	Lef1	0.013422818791946308	0.00013604208235080717	0.013422818791946308	0.00013604208235080717	7	7	77.0	76.0	2.0	1.0
5	150	Foxp2	0.013422818791946308	0.00045347360783602395	0.013422818791946308	0.00045347360783602395	0	26	66.0	76.0	2.0	9.0
5	120	Neurod2	0.04201680672268907	0.004201680672268907	0.04201680672268907	0.06452072354365475	1	19	9.0	20.0	2.0	4.0
5	120	Lhx9	0.03361344537815126	0.0007121492664862555	0.03361344537815126	0.0015667283862697621	4	15	47.0	27.0	2.0	1.0
5	120	Pax9	0.008403361344537815	0.00042728955989175326	0.01680672268907563	0.036889332003988036	6	10	15.0	55.0	4.0	8.0
5	120	Neurod1	0.025210084033613446	0.0004985044865403788	0.05042016806722689	0.1714143284432417	5	14	1.0	15.0	6.0	6.0
5	120	Lef1	0.008403361344537815	0.0	0.008403361344537815	0.0	5	14	120.0	90.0	14.0	10.0
5	120	Foxp2	0.0	0.0	0.0	0.0	3	16	120.0	120.0	16.0	16.0
5	92	Neurod2	0.04395604395604396	0.009157509157509158	0.04395604395604396	0.11037851037851037	1	20	4.0	20.0	3.0	5.0
5	92	Lhx9	0.02197802197802198	0.0004884004884004884	0.02197802197802198	0.0004884004884004884	3	13	47.0	40.0	4.0	5.0
5	92	Pax9	0.01098901098901099	0.0006105006105006105	0.02197802197802198	0.04285714285714286	5	9	13.0	40.0	3.0	7.0
5	92	Neurod1	0.02197802197802198	0.001098901098901099	0.04395604395604396	0.21062271062271062	2	16	1.0	20.0	6.0	6.0
5	92	Lef1	0.01098901098901099	0.0	0.01098901098901099	0.0	2	16	92.0	71.0	16.0	11.0
5	57	Neurod2	0.03571428571428571	0.024675324675324677	0.03571428571428571	0.12077922077922078	1	20	7.0	26.0	1.0	9.0
5	57	Pax9	0.03571428571428571	0.005194805194805195	0.03571428571428571	0.014935064935064935	1	20	24.0	26.0	9.0	9.0
5	57	Neurod1	0.03571428571428571	0.0022727272727272726	0.05357142857142857	0.28344155844155844	2	13	1.0	19.0	5.0	6.0
5	54	Neurod2	0.018867924528301886	0.001451378809869376	0.018867924528301886	0.0050798258345428155	3	8	26.0	41.0	3.0	6.0
5	54	Pax9	0.03773584905660377	0.001451378809869376	0.03773584905660377	0.001451378809869376	3	8	29.0	22.0	3.0	2.0
5	54	Neurod1	0.018867924528301886	0.0	0.03773584905660377	0.08853410740203194	2	9	5.0	22.0	9.0	6.0
5	54	Neurod2	0.018867924528301886	0.001451378809869376	0.018867924528301886	0.0050798258345428155	3	8	26.0	41.0	3.0	6.0
5	54	Pax9	0.03773584905660377	0.001451378809869376	0.03773584905660377	0.001451378809869376	3	8	29.0	22.0	3.0	2.0
5	54	Neurod1	0.018867924528301886	0.0	0.03773584905660377	0.08853410740203194	2	9	5.0	22.0	9.0	6.0
5	54	Neurod2	0.018867924528301886	0.001451378809869376	0.018867924528301886	0.0050798258345428155	3	8	26.0	41.0	3.0	6.0
5	54	Pax9	0.03773584905660377	0.001451378809869376	0.03773584905660377	0.001451378809869376	3	8	29.0	22.0	3.0	2.0
5	54	Neurod1	0.018867924528301886	0.0	0.03773584905660377	0.08853410740203194	2	9	5.0	22.0	9.0	6.0
5	54	Neurod2	0.018867924528301886	0.001451378809869376	0.018867924528301886	0.0050798258345428155	3	8	26.0	41.0	3.0	6.0
5	54	Pax9	0.03773584905660377	0.001451378809869376	0.03773584905660377	0.001451378809869376	3	8	29.0	22.0	3.0	2.0
5	54	Neurod1	0.018867924528301886	0.0	0.03773584905660377	0.08853410740203194	2	9	5.0	22.0	9.0	6.0
5	54	Neurod2	0.018867924528301886	0.001451378809869376	0.018867924528301886	0.0050798258345428155	3	8	26.0	41.0	3.0	6.0
5	54	Pax9	0.03773584905660377	0.001451378809869376	0.03773584905660377	0.001451378809869376	3	8	29.0	22.0	3.0	2.0
5	54	Neurod1	0.018867924528301886	0.0	0.03773584905660377	0.08853410740203194	2	9	5.0	22.0	9.0	6.0
5	54	Neurod2	0.018867924528301886	0.001451378809869376	0.018867924528301886	0.0050798258345428155	3	8	26.0	41.0	3.0	6.0
5	54	Pax9	0.03773584905660377	0.001451378809869376	0.03773584905660377	0.001451378809869376	3	8	29.0	22.0	3.0	2.0
5	54	Neurod1	0.018867924528301886	0.0	0.03773584905660377	0.08853410740203194	2	9	5.0	22.0	9.0	6.0
