run	nodes	geneid	local_outdegree_centrality	local_betweenness_centrality	outdegree_centrality	betweenness_centrality	community	community_size	rank_betweenness	rank_outdegree	rank_local_betweenness	rank_local_outdegree
1	462	Evx2	0.07375271149674621	0.0006649061586343488	0.13232104121475055	0.021748561727812882	2	122	4.0	32.0	33.0	27.0
1	462	Lhx9	0.15835140997830804	0.0020418749410544184	0.19956616052060738	0.017174384608129773	2	122	16.0	8.0	7.0	1.0
1	462	Esrrg	0.12147505422993493	0.0021833443365085353	0.14967462039045554	0.007304536451947561	2	122	66.0	20.0	4.0	7.0
1	462	Lhx4	0.0911062906724512	0.0008959728378760728	0.22125813449023862	0.018688107139488822	2	122	11.0	4.0	23.0	18.0
1	462	Otp	0.09761388286334056	0.002470998773931906	0.22559652928416488	0.02608695652173913	0	139	2.0	3.0	9.0	5.0
1	462	Bhlhe23	0.07592190889370933	0.0009667075356031311	0.15184381778741865	0.020465905875695557	1	131	8.0	18.0	28.0	24.0
1	438	Evx2	0.054919908466819226	0.0013173640123443832	0.11212814645308924	0.02290428904331031	0	127	7.0	34.0	25.0	34.0
1	438	Lhx9	0.11212814645308924	0.001947179476413411	0.17620137299771166	0.014312556420968658	3	91	27.0	6.0	2.0	1.0
1	438	Esrrg	0.08237986270022883	0.0013698486343501355	0.13272311212814644	0.011583356076669537	3	91	33.0	21.0	5.0	8.0
1	438	Lhx4	0.11899313501144165	0.0025507526294795625	0.19679633867276888	0.030210148426511034	2	106	3.0	4.0	1.0	4.0
1	438	Otp	0.11212814645308924	0.0006508093128713287	0.1853546910755149	0.02276258056389478	2	106	8.0	5.0	17.0	5.0
1	438	Bhlhe23	0.08009153318077804	0.0005038523712552223	0.13958810068649885	0.018868221611067958	0	127	17.0	16.0	45.0	21.0
1	416	Evx2	0.06746987951807229	0.001751935277341249	0.09879518072289158	0.02124439788138059	1	75	15.0	30.0	1.0	7.0
1	416	Lhx9	0.09397590361445785	0.001996391362551656	0.15421686746987953	0.022303707583959023	2	75	14.0	5.0	2.0	1.0
1	416	Esrrg	0.06746987951807229	0.001978930213608055	0.12048192771084339	0.024212793201792676	2	75	12.0	20.0	3.0	5.0
1	416	Lhx4	0.06987951807228916	0.0020022117455328558	0.15180722891566267	0.03253012048192771	0	130	3.0	6.0	16.0	7.0
1	416	Otp	0.0746987951807229	0.0005238344683080146	0.16144578313253014	0.02685524707525755	0	130	9.0	4.0	37.0	5.0
1	416	Bhlhe23	0.06987951807228916	0.0005994994470636168	0.12289156626506025	0.013695361154763983	1	75	31.0	17.0	16.0	6.0
1	398	Evx2	0.05289672544080604	0.0010368165280004072	0.07556675062972291	0.018643614991222045	4	61	21.0	39.0	2.0	13.0
1	398	Lhx9	0.08816120906801007	0.0020545505432155308	0.14105793450881612	0.020062081774928124	2	78	18.0	5.0	4.0	2.0
1	398	Esrrg	0.07808564231738035	0.0026588301147495103	0.11083123425692695	0.03132076431824543	2	78	6.0	15.0	2.0	4.0
1	398	Lhx4	0.08564231738035265	0.0029641503193140475	0.1234256926952141	0.028267562272600057	0	102	8.0	8.0	2.0	3.0
1	398	Otp	0.08816120906801007	0.0005025061700124672	0.13602015113350124	0.03396051192020966	0	102	4.0	6.0	22.0	2.0
1	398	Bhlhe23	0.07556675062972291	0.0009223214512887058	0.10327455919395466	0.009356792102384043	4	61	52.0	18.0	5.0	3.0
1	381	Evx2	0.04473684210526316	0.0009443132898208583	0.05263157894736842	0.006582419108457159	2	68	76.0	58.0	11.0	15.0
1	381	Lhx9	0.06842105263157895	0.0011942785724204973	0.12105263157894737	0.03033606443549507	4	50	9.0	5.0	4.0	2.0
1	381	Esrrg	0.05263157894736842	0.000826274128593251	0.08684210526315789	0.026489376475489518	4	50	15.0	23.0	7.0	5.0
1	381	Lhx4	0.05789473684210526	0.0023607832245521455	0.09473684210526316	0.034120261074850715	1	93	6.0	15.0	3.0	5.0
1	381	Otp	0.06842105263157895	0.0016108873767532287	0.12631578947368421	0.017837800305513123	1	93	29.0	4.0	4.0	3.0
1	381	Bhlhe23	0.07105263157894737	0.0007985002083044022	0.09999999999999999	0.008366893487015692	2	68	59.0	13.0	15.0	3.0
1	362	Evx2	0.0332409972299169	0.0008079409048938135	0.0443213296398892	0.010510926438904278	3	58	52.0	58.0	10.0	18.0
1	362	Lhx9	0.0664819944598338	0.0023622653124038165	0.12188365650969529	0.05441674361341951	4	57	1.0	1.0	1.0	2.0
1	362	Esrrg	0.0443213296398892	0.0009233610341643582	0.0664819944598338	0.030871037242228377	4	57	12.0	31.0	11.0	6.0
1	362	Lhx4	0.05263157894736842	0.0023853493382579257	0.08587257617728532	0.04569098184056633	0	98	3.0	12.0	4.0	5.0
1	362	Otp	0.07756232686980609	0.003216374269005848	0.10526315789473684	0.03975838719606033	0	98	4.0	6.0	1.0	2.0
1	362	Bhlhe23	0.06371191135734072	0.0006925207756232687	0.07756232686980609	0.005801785164666051	3	58	92.0	17.0	11.0	3.0
1	334	Evx2	0.03303303303303303	0.0005065306270125548	0.03903903903903904	0.00657585296139513	4	42	75.0	59.0	10.0	17.0
1	334	Lhx9	0.06306306306306306	0.0022070263034118455	0.11411411411411411	0.08507905495857303	3	49	1.0	2.0	1.0	1.0
1	334	Esrrg	0.04204204204204204	0.0008683382177358081	0.06306306306306306	0.013938637432613336	3	49	40.0	24.0	7.0	5.0
1	334	Lhx4	0.04504504504504504	0.003599985527696371	0.07507507507507508	0.05970729765910489	0	91	4.0	13.0	4.0	6.0
1	334	Otp	0.06306306306306306	0.002623105032743587	0.09309309309309309	0.04499981909620464	0	91	6.0	7.0	7.0	3.0
1	334	Bhlhe23	0.057057057057057055	0.0008231122688954014	0.06906906906906907	0.02042403849632765	4	42	27.0	16.0	4.0	2.0
1	308	Evx2	0.02280130293159609	0.0003619254433586681	0.02931596091205212	0.008920397692193055	2	51	60.0	65.0	19.0	21.0
1	308	Lhx9	0.055374592833876225	0.003789572289284878	0.09771986970684039	0.10816248323433607	4	49	1.0	4.0	1.0	3.0
1	308	Esrrg	0.04560260586319218	0.0012667390517553383	0.06188925081433225	0.016116327095441866	4	49	35.0	19.0	9.0	7.0
1	308	Lhx4	0.042345276872964174	0.002799599753039109	0.06840390879478828	0.05512976091631006	1	74	6.0	12.0	6.0	5.0
1	308	Otp	0.05863192182410424	0.003725703093398054	0.07817589576547232	0.06266632603095526	1	74	4.0	9.0	1.0	3.0
1	308	Bhlhe23	0.05863192182410424	0.0014264120414723977	0.06514657980456026	0.017787571054480422	2	51	32.0	14.0	7.0	3.0
1	280	Evx2	0.021505376344086023	0.00028364405249993555	0.02867383512544803	0.005350558263066966	3	46	80.0	60.0	19.0	21.0
1	280	Lhx9	0.053763440860215055	0.002088651659317707	0.08243727598566308	0.0686418607049844	4	40	3.0	5.0	1.0	2.0
1	280	Esrrg	0.035842293906810034	0.0011087903870452027	0.05734767025089606	0.03292849591294706	4	40	17.0	16.0	10.0	7.0
1	280	Lhx4	0.017921146953405017	0.0014955777313632964	0.03942652329749104	0.04570537118692143	1	65	9.0	38.0	9.0	11.0
1	280	Otp	0.053763440860215055	0.005531059023748743	0.06810035842293907	0.03756994404476419	1	65	12.0	11.0	1.0	2.0
1	280	Bhlhe23	0.05017921146953405	0.001456898996931487	0.05734767025089606	0.022575487996699416	3	46	26.0	16.0	7.0	5.0
1	246	Evx2	0.02448979591836735	0.00018400802944128471	0.0326530612244898	0.008916025426564068	3	35	66.0	45.0	21.0	15.0
1	246	Lhx9	0.0489795918367347	0.00311140849782536	0.06122448979591837	0.05468384074941452	2	45	6.0	12.0	2.0	2.0
1	246	Esrrg	0.04081632653061225	0.002425560388089662	0.05714285714285715	0.03558046169287387	2	45	15.0	15.0	6.0	5.0
1	246	Lhx4	0.020408163265306124	0.0007360321177651389	0.0326530612244898	0.05685848109735698	0	64	4.0	45.0	14.0	7.0
1	246	Otp	0.0489795918367347	0.007360321177651389	0.06122448979591837	0.04330879892940783	0	64	9.0	12.0	1.0	2.0
1	246	Bhlhe23	0.0489795918367347	0.000819672131147541	0.05306122448979592	0.041585814653730346	3	35	12.0	18.0	12.0	4.0
1	224	Evx2	0.013452914798206279	0.00020199571769078495	0.017937219730941704	0.0023027511816749485	3	29	73.0	71.0	21.0	20.0
1	224	Lhx9	0.04932735426008968	0.0035955237748959723	0.04932735426008968	0.02040156748676928	1	49	24.0	17.0	3.0	3.0
1	224	Esrrg	0.04035874439461883	0.002363349896982184	0.04932735426008968	0.02579485314911324	1	49	11.0	17.0	7.0	5.0
1	224	Lhx4	0.026905829596412557	0.0007271845836868258	0.03587443946188341	0.03219811739991112	2	42	5.0	36.0	7.0	5.0
1	224	Otp	0.03587443946188341	0.0028683391912091463	0.04932735426008968	0.023128509675594877	2	42	16.0	17.0	2.0	3.0
1	224	Bhlhe23	0.03587443946188341	0.0009089807296085323	0.04484304932735426	0.015250676685654264	3	29	33.0	25.0	8.0	6.0
1	189	Evx2	0.015957446808510637	0.0010524519285470474	0.015957446808510637	0.0036409147798384346	2	35	65.0	72.0	14.0	19.0
1	189	Lhx9	0.047872340425531915	0.0026737967914438505	0.047872340425531915	0.01314142678347935	1	37	41.0	17.0	7.0	2.0
1	189	Esrrg	0.03723404255319149	0.0017066788030492663	0.047872340425531915	0.04337808624416885	1	37	4.0	17.0	10.0	6.0
1	189	Lhx4	0.026595744680851064	0.001109341221982023	0.026595744680851064	0.011548526567300035	0	43	45.0	52.0	6.0	4.0
1	189	Otp	0.0425531914893617	0.0054613721697576514	0.05319148936170213	0.034503356468312665	0	43	8.0	14.0	1.0	3.0
1	189	Bhlhe23	0.031914893617021274	0.002218682443964046	0.0425531914893617	0.022897940607577653	2	35	23.0	21.0	8.0	8.0
1	153	Evx2	0.019736842105263157	0.0010892296967584525	0.019736842105263157	0.004574764726385501	2	29	64.0	58.0	12.0	8.0
1	153	Lhx9	0.05263157894736842	0.0036598117811084	0.05263157894736842	0.028319972115719762	0	39	27.0	13.0	10.0	2.0
1	153	Esrrg	0.046052631578947366	0.004966887417218543	0.046052631578947366	0.024006622516556293	0	39	33.0	18.0	6.0	5.0
1	153	Lhx4	0.03289473684210526	0.0013942140118508191	0.03289473684210526	0.01211223422795399	1	34	49.0	37.0	5.0	4.0
1	153	Otp	0.046052631578947366	0.004923318229348205	0.05921052631578947	0.05389508539560823	1	34	11.0	9.0	2.0	2.0
1	153	Bhlhe23	0.039473684210526314	0.0025270128964796097	0.05263157894736842	0.04369989543394911	3	28	15.0	13.0	5.0	2.0
1	133	Evx2	0.015151515151515152	0.00028915105250983114	0.015151515151515152	0.0008674531575294934	3	20	64.0	67.0	9.0	9.0
1	133	Lhx9	0.05303030303030303	0.0037011334721258385	0.05303030303030303	0.027758501040943788	0	30	22.0	10.0	8.0	2.0
1	133	Esrrg	0.03787878787878788	0.005956511681702521	0.045454545454545456	0.037647467036780013	0	30	17.0	16.0	4.0	5.0
1	133	Lhx4	0.030303030303030304	0.000520471894517696	0.030303030303030304	0.0006361323155216285	2	23	65.0	39.0	5.0	4.0
1	133	Otp	0.03787878787878788	0.0021397177885727502	0.045454545454545456	0.007922738838769374	2	23	48.0	16.0	2.0	3.0
1	133	Bhlhe23	0.030303030303030304	0.003816793893129771	0.045454545454545456	0.03787878787878788	1	25	16.0	16.0	3.0	7.0
1	110	Evx2	0.009174311926605505	0.0	0.009174311926605505	0.0008494733265375468	0	33	56.0	77.0	33.0	25.0
1	110	Lhx9	0.045871559633027525	0.003397893306150187	0.045871559633027525	0.021151885830784915	1	26	20.0	13.0	5.0	4.0
1	110	Esrrg	0.045871559633027525	0.0056065239551478085	0.05504587155963303	0.017584097859327217	1	26	28.0	10.0	2.0	4.0
1	110	Lhx4	0.01834862385321101	0.0	0.01834862385321101	0.002378525314305131	4	8	53.0	60.0	8.0	3.0
1	110	Otp	0.027522935779816515	0.0005946313285762827	0.03669724770642202	0.01308188922867822	4	8	39.0	24.0	1.0	1.0
1	110	Bhlhe23	0.045871559633027525	0.009004417261297996	0.045871559633027525	0.03491335372069317	0	33	17.0	13.0	3.0	6.0
1	83	Evx2	0.012195121951219513	0.00030111412225233364	0.012195121951219513	0.05404998494429389	0	26	11.0	60.0	18.0	21.0
1	83	Lhx9	0.012195121951219513	0.0012044564890093346	0.012195121951219513	0.002408912978018669	2	17	37.0	60.0	7.0	10.0
1	83	Esrrg	0.03658536585365854	0.0057211683227943394	0.03658536585365854	0.019271303824149353	2	17	20.0	23.0	3.0	4.0
1	83	Lhx4	0.024390243902439025	0.0	0.024390243902439025	0.0	4	6	83.0	38.0	6.0	2.0
1	83	Otp	0.024390243902439025	0.0006022282445046673	0.024390243902439025	0.0006022282445046673	4	6	42.0	38.0	1.0	2.0
1	83	Bhlhe23	0.03658536585365854	0.010237880156579345	0.03658536585365854	0.019722975007527854	0	26	19.0	23.0	7.0	9.0
1	79	Evx2	0.01282051282051282	0.0	0.01282051282051282	0.05427905427905428	3	11	10.0	56.0	11.0	8.0
1	79	Lhx9	0.01282051282051282	0.000666000666000666	0.01282051282051282	0.0018315018315018315	2	14	34.0	56.0	3.0	6.0
1	79	Esrrg	0.02564102564102564	0.000999000999000999	0.038461538461538464	0.018648018648018648	4	10	20.0	20.0	4.0	3.0
1	79	Lhx4	0.02564102564102564	0.0	0.02564102564102564	0.0	5	6	79.0	34.0	6.0	2.0
1	79	Otp	0.02564102564102564	0.000666000666000666	0.02564102564102564	0.000666000666000666	5	6	37.0	34.0	1.0	2.0
1	79	Bhlhe23	0.02564102564102564	0.004662004662004662	0.02564102564102564	0.017482517482517484	1	16	21.0	34.0	6.0	8.0
1	52	Evx2	0.0196078431372549	0.0	0.0196078431372549	0.03490196078431372	2	10	17.0	36.0	10.0	7.0
1	52	Lhx9	0.0196078431372549	0.0027450980392156863	0.0196078431372549	0.0027450980392156863	0	13	26.0	36.0	6.0	8.0
1	52	Esrrg	0.058823529411764705	0.009411764705882352	0.058823529411764705	0.028235294117647056	0	13	19.0	10.0	1.0	3.0
1	52	Bhlhe23	0.0	0.0	0.0	0.0	4	5	52.0	52.0	5.0	5.0
1	34	Evx2	0.030303030303030304	0.0	0.030303030303030304	0.004734848484848485	2	6	14.0	25.0	6.0	5.0
1	34	Evx2	0.030303030303030304	0.0	0.030303030303030304	0.004734848484848485	2	6	14.0	25.0	6.0	5.0
2	465	Lhx9	0.17025862068965517	0.0023180904148357787	0.22198275862068964	0.01557030609964996	1	141	14.0	5.0	11.0	2.0
2	465	Evx2	0.08189655172413793	0.001196283607656215	0.15732758620689655	0.01272622328144783	2	138	30.0	18.0	23.0	29.0
2	465	Otp	0.16810344827586207	0.004426714828330975	0.25	0.028189468980412604	0	186	5.0	3.0	7.0	2.0
2	465	Lhx4	0.10775862068965517	0.004436024428390557	0.2025862068965517	0.01646402770536978	0	186	13.0	7.0	6.0	7.0
2	465	Esrrg	0.10775862068965517	0.00303492961942355	0.15301724137931033	0.02112813733522008	1	141	9.0	19.0	7.0	11.0
2	465	Bhlhe23	0.10129310344827586	0.001298689208311611	0.16810344827586207	0.015216541297385864	2	138	16.0	15.0	21.0	8.0
2	454	Lhx9	0.16335540838852097	0.00377034128426029	0.18984547461368653	0.014959268592861747	0	165	22.0	5.0	7.0	4.0
2	454	Evx2	0.07505518763796909	0.0018265643009240267	0.1368653421633554	0.01978452401883217	2	140	8.0	19.0	20.0	25.0
2	454	Otp	0.11258278145695365	0.002607982183672273	0.2052980132450331	0.018583094024106742	1	149	13.0	3.0	8.0	2.0
2	454	Lhx4	0.11258278145695365	0.002441930883588271	0.17218543046357615	0.020038484830725352	0	165	6.0	7.0	12.0	10.0
2	454	Esrrg	0.09271523178807947	0.002300298892340151	0.11920529801324503	0.01512531989294575	0	165	20.0	28.0	14.0	17.0
2	454	Bhlhe23	0.09713024282560706	0.0014163199124811972	0.141280353200883	0.01992615601008029	2	140	7.0	16.0	25.0	8.0
2	432	Lhx9	0.08816705336426914	0.00163492149139373	0.15777262180974477	0.016338423352938003	2	96	20.0	5.0	8.0	8.0
2	432	Evx2	0.0765661252900232	0.0017752117843846111	0.1345707656612529	0.026531052716775482	0	130	5.0	12.0	19.0	17.0
2	432	Otp	0.10672853828306264	0.0027842227378190253	0.18793503480278423	0.029995143797550316	2	96	4.0	2.0	2.0	2.0
2	432	Lhx4	0.08352668213457076	0.0019316894188744402	0.14849187935034802	0.021529164193600604	2	96	11.0	7.0	7.0	9.0
2	432	Esrrg	0.060324825986078884	0.0014784438569039012	0.1136890951276102	0.025241461177359304	2	96	6.0	23.0	11.0	15.0
2	432	Bhlhe23	0.09280742459396751	0.002719473371823234	0.1345707656612529	0.024178492418928398	0	130	7.0	12.0	9.0	4.0
2	411	Lhx9	0.11707317073170731	0.006720734689009482	0.15121951219512195	0.018277774464786213	0	152	23.0	5.0	2.0	3.0
2	411	Evx2	0.06097560975609756	0.0008766175681316715	0.11219512195121951	0.02468841314330014	3	56	9.0	17.0	3.0	3.0
2	411	Otp	0.1024390243902439	0.004013357981990578	0.16341463414634147	0.04409923072335858	0	152	1.0	2.0	8.0	5.0
2	411	Lhx4	0.0975609756097561	0.002635816089212237	0.13658536585365855	0.02485538791818236	0	152	7.0	6.0	18.0	6.0
2	411	Esrrg	0.03902439024390244	0.0004055101675711134	0.0975609756097561	0.019029160951756215	3	56	19.0	26.0	16.0	17.0
2	411	Bhlhe23	0.04390243902439024	0.0008050569503250045	0.11219512195121951	0.020239728069652334	2	84	17.0	17.0	20.0	22.0
2	391	Lhx9	0.08974358974358974	0.0024652297145870412	0.13333333333333333	0.030591259640102827	3	88	11.0	5.0	5.0	3.0
2	391	Evx2	0.06666666666666667	0.0023399907718673783	0.1076923076923077	0.03722892360424494	3	88	6.0	12.0	6.0	8.0
2	391	Otp	0.09230769230769231	0.00350669039615055	0.14615384615384616	0.04857952672862698	0	113	1.0	4.0	4.0	3.0
2	391	Lhx4	0.07435897435897436	0.0009491793553490211	0.12307692307692308	0.04312174543537011	0	113	3.0	7.0	21.0	4.0
2	391	Esrrg	0.07179487179487179	0.002722299123327401	0.09230769230769231	0.04560015819655922	3	88	2.0	20.0	3.0	6.0
2	391	Bhlhe23	0.05641025641025641	0.0017137960582690659	0.10512820512820513	0.03192274734691187	2	90	9.0	15.0	11.0	18.0
2	371	Lhx9	0.06756756756756757	0.0026880539075661027	0.11891891891891893	0.052691716106350255	2	66	3.0	5.0	1.0	3.0
2	371	Evx2	0.051351351351351354	0.0007690617446715008	0.08648648648648649	0.032718083937596135	4	49	8.0	18.0	9.0	8.0
2	371	Otp	0.0891891891891892	0.0032227349300520034	0.12972972972972974	0.04321394565297004	0	109	4.0	1.0	6.0	1.0
2	371	Lhx4	0.07297297297297298	0.0018677213799165018	0.10810810810810811	0.06405185673478357	0	109	1.0	7.0	13.0	3.0
2	371	Esrrg	0.04864864864864865	0.0007177909616934007	0.07837837837837838	0.06225737933055006	2	66	2.0	28.0	16.0	7.0
2	371	Bhlhe23	0.051351351351351354	0.0016260162601626016	0.0918918918918919	0.03045484508899143	4	49	9.0	14.0	2.0	8.0
2	350	Lhx9	0.06017191977077364	0.002601850936995685	0.10315186246418338	0.0632924941540691	0	108	2.0	5.0	12.0	5.0
2	350	Evx2	0.04297994269340974	0.0011609524750518722	0.08022922636103151	0.04550769028093403	3	49	7.0	15.0	4.0	9.0
2	350	Otp	0.08595988538681948	0.0027418239304416556	0.1146131805157593	0.025697394855580803	0	108	15.0	3.0	10.0	2.0
2	350	Lhx4	0.07163323782234957	0.003351118137206468	0.09742120343839542	0.07326351151072028	0	108	1.0	7.0	8.0	4.0
2	350	Esrrg	0.034383954154727794	0.0008727727826631096	0.05730659025787965	0.04926225998748476	4	45	6.0	38.0	8.0	7.0
2	350	Bhlhe23	0.05730659025787965	0.0022395678951355265	0.0830945558739255	0.029435497151137895	3	49	11.0	12.0	1.0	4.0
2	326	Lhx9	0.043076923076923075	0.0016049382716049384	0.08	0.09291547958214626	4	43	2.0	6.0	3.0	4.0
2	326	Evx2	0.033846153846153845	0.0009401709401709403	0.06461538461538462	0.02547008547008547	5	41	15.0	18.0	7.0	13.0
2	326	Otp	0.06769230769230769	0.001908831908831909	0.11076923076923077	0.03385565052231719	0	75	10.0	1.0	7.0	1.0
2	326	Lhx4	0.04923076923076923	0.004245014245014245	0.07384615384615384	0.10411206077872745	0	75	1.0	11.0	2.0	4.0
2	326	Esrrg	0.027692307692307693	0.0005223171889838557	0.043076923076923075	0.024169040835707506	4	43	18.0	47.0	12.0	13.0
2	326	Bhlhe23	0.052307692307692305	0.0015479582146248813	0.06769230769230769	0.04069325735992403	5	41	7.0	16.0	1.0	3.0
2	297	Lhx9	0.05067567567567568	0.003114979386165827	0.07094594594594594	0.07347686669720568	2	56	3.0	9.0	1.0	3.0
2	297	Evx2	0.04054054054054054	0.003321117727897389	0.057432432432432436	0.028721942281264314	4	43	19.0	21.0	1.0	10.0
2	297	Otp	0.07432432432432433	0.005256527714154833	0.11148648648648649	0.06336463582226294	0	86	4.0	1.0	6.0	1.0
2	297	Lhx4	0.04054054054054054	0.004821346770499313	0.057432432432432436	0.10309207512597343	0	86	1.0	21.0	8.0	5.0
2	297	Esrrg	0.033783783783783786	0.0012597343105817682	0.04054054054054054	0.017407237746220796	2	56	40.0	44.0	9.0	11.0
2	297	Bhlhe23	0.04391891891891892	0.0018437929454878609	0.057432432432432436	0.021518552450755842	4	43	30.0	21.0	2.0	8.0
2	270	Lhx9	0.05204460966542751	0.00325972368640071	0.06691449814126393	0.07723464462076236	2	51	1.0	8.0	4.0	3.0
2	270	Evx2	0.026022304832713755	0.00044387726793541584	0.03717472118959107	0.015480219719247628	3	45	40.0	43.0	18.0	17.0
2	270	Otp	0.07434944237918215	0.005548465849192698	0.10408921933085502	0.062142817510958216	0	71	2.0	1.0	3.0	1.0
2	270	Lhx4	0.02973977695167286	0.004411030350108195	0.04460966542750929	0.05978471952505132	0	71	3.0	22.0	5.0	6.0
2	270	Esrrg	0.03717472118959107	0.0024829384675137322	0.040892193308550186	0.008946901181823225	2	51	67.0	29.0	7.0	6.0
2	270	Bhlhe23	0.05204460966542751	0.001581312767019919	0.06319702602230483	0.020862231592964544	3	45	28.0	11.0	8.0	4.0
2	241	Lhx9	0.05416666666666667	0.003905160390516039	0.0625	0.08233960948396095	3	43	3.0	7.0	2.0	2.0
2	241	Evx2	0.025	0.0006276150627615063	0.0375	0.01492329149232915	0	46	41.0	33.0	20.0	18.0
2	241	Otp	0.06666666666666667	0.004236401673640167	0.09166666666666666	0.0914400278940028	2	45	1.0	1.0	1.0	1.0
2	241	Lhx4	0.03333333333333333	0.003382147838214784	0.041666666666666664	0.04520571827057183	2	45	8.0	23.0	3.0	4.0
2	241	Esrrg	0.025	0.0017608089260808925	0.029166666666666667	0.011645746164574616	3	43	51.0	50.0	7.0	9.0
2	241	Bhlhe23	0.0375	0.0014295676429567643	0.041666666666666664	0.019177126917712693	0	46	33.0	23.0	9.0	7.0
2	209	Lhx9	0.05288461538461539	0.004250278706800446	0.0625	0.09220549981419547	0	44	1.0	4.0	7.0	1.0
2	209	Evx2	0.019230769230769232	0.0002787068004459309	0.03365384615384616	0.028590672612411744	1	38	20.0	31.0	20.0	18.0
2	209	Otp	0.057692307692307696	0.0009057971014492754	0.08173076923076923	0.05474266072092159	4	32	8.0	2.0	1.0	1.0
2	209	Lhx4	0.009615384615384616	0.0005341880341880342	0.028846153846153848	0.06888703084355259	3	36	3.0	40.0	9.0	11.0
2	209	Esrrg	0.028846153846153848	0.004436083240431067	0.028846153846153848	0.03732348569305091	0	44	13.0	40.0	4.0	8.0
2	209	Bhlhe23	0.03365384615384616	0.0010683760683760685	0.038461538461538464	0.030332590115198812	1	38	18.0	22.0	10.0	11.0
2	184	Lhx9	0.04918032786885246	0.004833963850357293	0.04918032786885246	0.031675974298925116	1	35	24.0	10.0	3.0	1.0
2	184	Evx2	0.02185792349726776	0.0004203446826397646	0.0273224043715847	0.015913048699933947	0	38	43.0	40.0	20.0	19.0
2	184	Otp	0.04918032786885246	0.0010808863267879661	0.06557377049180328	0.04620789047018555	4	26	10.0	4.0	1.0	1.0
2	184	Lhx4	0.01092896174863388	0.00015012310094277307	0.01092896174863388	0.048699933945835584	4	26	8.0	92.0	6.0	9.0
2	184	Esrrg	0.02185792349726776	0.00435356992734042	0.03278688524590164	0.037650873716447486	1	35	16.0	32.0	4.0	10.0
2	184	Bhlhe23	0.03825136612021858	0.0018315018315018315	0.03825136612021858	0.005044136191677175	0	38	66.0	24.0	11.0	7.0
2	149	Lhx9	0.0472972972972973	0.006940614083471227	0.0472972972972973	0.04633204633204634	2	33	15.0	15.0	3.0	1.0
2	149	Evx2	0.02702702702702703	0.0001378929950358522	0.033783783783783786	0.005148005148005148	0	34	58.0	30.0	20.0	16.0
2	149	Otp	0.04054054054054054	0.0015627872770729914	0.05405405405405406	0.05377826806398235	3	27	11.0	5.0	1.0	1.0
2	149	Lhx4	0.013513513513513514	0.0013329656186799044	0.013513513513513514	0.056168413311270454	3	27	8.0	73.0	2.0	8.0
2	149	Esrrg	0.013513513513513514	0.0011950726236440523	0.02027027027027027	0.010801617944475088	2	33	43.0	51.0	10.0	14.0
2	149	Bhlhe23	0.0472972972972973	0.0030796102224673653	0.0472972972972973	0.04288472145615003	0	34	16.0	15.0	7.0	4.0
2	125	Lhx9	0.056451612903225805	0.008326776816155259	0.056451612903225805	0.0895620246525046	2	27	3.0	9.0	1.0	1.0
2	125	Evx2	0.03225806451612903	0.00045895620246525046	0.03225806451612903	0.0011801730920535012	1	30	64.0	34.0	20.0	15.0
2	125	Otp	0.04838709677419355	0.0009179124049305009	0.056451612903225805	0.037372147915027534	3	14	22.0	9.0	1.0	1.0
2	125	Lhx4	0.016129032258064516	0.0001966955153422502	0.016129032258064516	0.054746918436926306	3	14	16.0	60.0	4.0	3.0
2	125	Esrrg	0.016129032258064516	0.0014424337791765014	0.024193548387096774	0.06281143456595856	2	27	10.0	43.0	10.0	11.0
2	125	Bhlhe23	0.04032258064516129	0.003081563073695253	0.04032258064516129	0.0470102281667978	1	30	18.0	23.0	10.0	6.0
2	109	Lhx9	0.05555555555555555	0.010297680858428523	0.05555555555555555	0.07355486327448944	0	29	14.0	6.0	2.0	1.0
2	109	Evx2	0.037037037037037035	0.0	0.037037037037037035	0.0013845621322256837	1	20	56.0	23.0	20.0	6.0
2	109	Otp	0.046296296296296294	0.001903772931810315	0.05555555555555555	0.05572862582208377	3	16	16.0	6.0	1.0	1.0
2	109	Lhx4	0.018518518518518517	0.0016441675320179995	0.018518518518518517	0.05858428521979924	3	16	15.0	52.0	2.0	5.0
2	109	Esrrg	0.009259259259259259	0.002596053997923157	0.018518518518518517	0.08324679820006924	0	29	11.0	52.0	6.0	19.0
2	109	Bhlhe23	0.037037037037037035	0.002509518864659052	0.046296296296296294	0.14105226722049152	1	20	3.0	15.0	5.0	6.0
2	93	Lhx9	0.043478260869565216	0.007883420926899188	0.043478260869565216	0.03511705685618729	0	22	23.0	18.0	2.0	2.0
2	93	Evx2	0.043478260869565216	0.0008361204013377926	0.043478260869565216	0.007047300525561395	1	21	43.0	18.0	12.0	5.0
2	93	Otp	0.03260869565217391	0.0	0.043478260869565216	0.0	3	11	93.0	18.0	11.0	2.0
2	93	Lhx4	0.010869565217391304	0.000358337314859054	0.010869565217391304	0.007286192068800764	3	11	42.0	65.0	2.0	5.0
2	93	Esrrg	0.010869565217391304	0.0033444816053511705	0.010869565217391304	0.008122312470138556	0	22	37.0	65.0	6.0	15.0
2	93	Bhlhe23	0.043478260869565216	0.003105590062111801	0.05434782608695652	0.12732919254658384	1	21	3.0	6.0	6.0	5.0
2	81	Lhx9	0.025	0.00379746835443038	0.025	0.005379746835443038	0	21	34.0	40.0	4.0	10.0
2	81	Evx2	0.05	0.0	0.05	0.00759493670886076	1	17	31.0	8.0	17.0	3.0
2	81	Otp	0.037500000000000006	0.0	0.037500000000000006	0.0	7	5	81.0	23.0	5.0	1.0
2	81	Lhx4	0.0125	0.00015822784810126583	0.0125	0.002848101265822785	7	5	40.0	58.0	1.0	2.0
2	81	Esrrg	0.0125	0.002531645569620253	0.0125	0.0023734177215189874	0	21	42.0	58.0	6.0	14.0
2	81	Bhlhe23	0.05	0.006487341772151899	0.0625	0.06645569620253165	1	17	1.0	4.0	4.0	3.0
2	67	Lhx9	0.030303030303030304	0.0037296037296037296	0.030303030303030304	0.006060606060606061	0	15	27.0	30.0	2.0	7.0
2	67	Evx2	0.045454545454545456	0.0	0.045454545454545456	0.002097902097902098	1	14	36.0	12.0	14.0	3.0
2	67	Otp	0.030303030303030304	0.0	0.030303030303030304	0.0	4	7	67.0	30.0	7.0	2.0
2	67	Lhx4	0.015151515151515152	0.0004662004662004662	0.015151515151515152	0.0032634032634032634	4	7	32.0	48.0	1.0	3.0
2	67	Esrrg	0.0	0.0	0.0	0.0	0	15	67.0	67.0	15.0	15.0
2	67	Bhlhe23	0.045454545454545456	0.004195804195804196	0.06060606060606061	0.030536130536130537	1	14	2.0	3.0	4.0	3.0
2	56	Lhx9	0.03636363636363636	0.0026936026936026937	0.03636363636363636	0.004713804713804714	3	8	20.0	21.0	1.0	2.0
2	56	Evx2	0.01818181818181818	0.0	0.05454545454545454	0.0053872053872053875	0	10	15.0	5.0	10.0	8.0
2	56	Otp	0.01818181818181818	0.0	0.01818181818181818	0.0	2	9	56.0	42.0	9.0	6.0
2	56	Lhx4	0.01818181818181818	0.0016835016835016836	0.01818181818181818	0.0016835016835016836	2	9	29.0	42.0	4.0	6.0
2	56	Esrrg	0.0	0.0	0.0	0.0	5	7	56.0	56.0	7.0	7.0
2	56	Bhlhe23	0.05454545454545454	0.0053872053872053875	0.07272727272727272	0.03737373737373738	1	10	2.0	1.0	2.0	2.0
3	470	Lhx4	0.1279317697228145	0.001713046489165892	0.22174840085287845	0.020615785541158674	1	130	5.0	4.0	11.0	4.0
3	470	Otp	0.11727078891257996	0.0022278716308567056	0.2302771855010661	0.017613398210413134	1	130	10.0	3.0	7.0	6.0
3	470	Lhx9	0.11513859275053305	0.00154447542507244	0.2068230277185501	0.022556630765585988	1	130	3.0	8.0	13.0	8.0
3	470	Bhlhe23	0.08742004264392324	0.0017084905144606637	0.16844349680170576	0.019212545331948317	2	129	7.0	13.0	11.0	17.0
3	470	Esrrg	0.07889125799573561	0.0016993785650502068	0.14498933901918976	0.013558580722759827	1	130	24.0	28.0	12.0	18.0
3	470	Evx2	0.057569296375266525	0.00016857106409345215	0.1300639658848614	0.014788693893171504	3	74	19.0	39.0	29.0	15.0
3	450	Lhx4	0.07349665924276169	0.0007457047406936048	0.18930957683741648	0.025378818008272352	2	90	3.0	5.0	18.0	5.0
3	450	Otp	0.09799554565701558	0.0018742045816099269	0.21158129175946547	0.018518334393891188	0	137	15.0	3.0	15.0	4.0
3	450	Lhx9	0.13140311804008908	0.0010390152720330893	0.19599109131403117	0.02628360642698059	3	88	1.0	4.0	8.0	1.0
3	450	Bhlhe23	0.09576837416481068	0.0019288895959274578	0.15812917594654788	0.024553571428571428	1	135	4.0	11.0	14.0	7.0
3	450	Esrrg	0.09354120267260578	0.0012030703149856824	0.12917594654788417	0.009937758510976774	3	88	44.0	28.0	5.0	5.0
3	450	Evx2	0.05567928730512249	0.0007705615653833917	0.10913140311804008	0.02236119949093223	1	135	8.0	43.0	37.0	37.0
3	435	Lhx4	0.0944700460829493	0.003299241174529858	0.16129032258064516	0.02491991358116665	2	102	9.0	6.0	1.0	3.0
3	435	Otp	0.08755760368663594	0.0011547344110854503	0.18663594470046083	0.031188471812773382	2	102	3.0	3.0	17.0	5.0
3	435	Lhx9	0.11290322580645161	0.0015698002362682388	0.16589861751152074	0.02788390928151041	3	92	7.0	5.0	6.0	2.0
3	435	Bhlhe23	0.08525345622119816	0.0018358680729238725	0.14516129032258066	0.011914517725439278	0	129	39.0	9.0	20.0	12.0
3	435	Esrrg	0.08294930875576037	0.0013995168208086333	0.11290322580645161	0.012191228275561137	3	92	35.0	26.0	8.0	6.0
3	435	Evx2	0.04608294930875576	0.000521492959845042	0.08064516129032258	0.020034908100169217	0	129	15.0	62.0	46.0	37.0
3	417	Lhx4	0.10817307692307693	0.003782437442075996	0.15384615384615385	0.04419022242817423	0	117	1.0	5.0	2.0	4.0
3	417	Otp	0.11538461538461539	0.002757182576459685	0.17067307692307693	0.03186399443929564	0	117	2.0	3.0	7.0	2.0
3	417	Lhx9	0.08413461538461539	0.0014191380908248378	0.16105769230769232	0.023412882298424465	3	83	9.0	4.0	3.0	3.0
3	417	Bhlhe23	0.0625	0.0012511584800741428	0.12980769230769232	0.015755329008341055	2	107	26.0	9.0	21.0	19.0
3	417	Esrrg	0.05048076923076923	0.0007819740500463392	0.09615384615384616	0.016931186283595922	3	83	22.0	30.0	15.0	16.0
3	417	Evx2	0.038461538461538464	0.00036492122335495827	0.07932692307692309	0.011886005560704356	3	83	39.0	47.0	26.0	21.0
3	400	Lhx4	0.09774436090225563	0.011687510232868605	0.12531328320802004	0.03833075150187026	0	185	2.0	6.0	1.0	4.0
3	400	Otp	0.11278195488721804	0.003538998249392325	0.15288220551378445	0.029772924774247176	0	185	5.0	2.0	19.0	2.0
3	400	Lhx9	0.09774436090225563	0.0024999685142504504	0.14285714285714285	0.022197453432576415	1	97	15.0	4.0	8.0	1.0
3	400	Bhlhe23	0.05012531328320802	0.0007430636893741892	0.11278195488721804	0.022757899774562034	3	50	14.0	11.0	4.0	9.0
3	400	Esrrg	0.05012531328320802	0.001964710771904636	0.07518796992481203	0.02033349705923099	1	97	17.0	38.0	10.0	15.0
3	400	Evx2	0.03759398496240601	0.00011964584828906437	0.07518796992481203	0.01921260437525976	3	50	20.0	38.0	20.0	17.0
3	377	Lhx4	0.09042553191489361	0.010950354609929078	0.11436170212765957	0.03607801418439716	0	177	4.0	6.0	2.0	3.0
3	377	Otp	0.11436170212765957	0.0061773049645390075	0.14361702127659573	0.05217021276595745	0	177	1.0	1.0	12.0	1.0
3	377	Lhx9	0.09308510638297872	0.002929078014184397	0.13297872340425532	0.030148936170212765	1	87	9.0	3.0	3.0	1.0
3	377	Bhlhe23	0.045212765957446804	0.0005815602836879433	0.10904255319148935	0.040397163120567375	3	48	2.0	8.0	8.0	9.0
3	377	Esrrg	0.0398936170212766	0.0009432624113475177	0.06648936170212766	0.013468085106382978	1	87	36.0	39.0	20.0	18.0
3	377	Evx2	0.0398936170212766	0.0004042553191489362	0.07446808510638298	0.0349290780141844	3	48	6.0	27.0	11.0	14.0
3	353	Lhx4	0.08806818181818182	0.009056915306915308	0.11079545454545454	0.040460696710696714	0	157	6.0	5.0	4.0	2.0
3	353	Otp	0.10227272727272728	0.008231351981351982	0.125	0.07258482258482259	0	157	1.0	1.0	6.0	1.0
3	353	Lhx9	0.07670454545454546	0.004564879564879565	0.11647727272727273	0.04843304843304844	1	88	3.0	2.0	2.0	2.0
3	353	Bhlhe23	0.045454545454545456	0.0005584693084693085	0.09943181818181819	0.03454415954415955	3	44	10.0	7.0	13.0	8.0
3	353	Esrrg	0.03409090909090909	0.001367845117845118	0.05113636363636364	0.013022856772856774	1	88	41.0	50.0	18.0	20.0
3	353	Evx2	0.045454545454545456	0.0007365319865319865	0.07386363636363637	0.03462509712509713	3	44	9.0	23.0	6.0	8.0
3	328	Lhx4	0.0856269113149847	0.00800172604641564	0.10703363914373089	0.03707247518808277	0	142	9.0	2.0	7.0	2.0
3	328	Otp	0.0856269113149847	0.006660287799478433	0.10091743119266056	0.050608806588994575	0	142	5.0	6.0	11.0	2.0
3	328	Lhx9	0.06116207951070336	0.0032175756552409894	0.10091743119266056	0.04312301832986248	1	65	6.0	6.0	2.0	2.0
3	328	Bhlhe23	0.05198776758409786	0.0015102906136845462	0.0856269113149847	0.034183223579294944	3	59	11.0	11.0	6.0	8.0
3	328	Esrrg	0.027522935779816515	0.0013226768728541677	0.04892966360856269	0.013132961858126489	1	65	50.0	45.0	11.0	16.0
3	328	Evx2	0.04281345565749235	0.00295491641807846	0.05504587155963303	0.025262190202810453	3	59	17.0	33.0	1.0	11.0
3	300	Lhx4	0.056856187290969896	0.0036362820138717425	0.08695652173913043	0.03702498260420642	1	59	9.0	8.0	2.0	1.0
3	300	Otp	0.03678929765886287	0.004399452313079392	0.07357859531772575	0.0795941729703037	0	65	2.0	11.0	4.0	1.0
3	300	Lhx9	0.05351170568561873	0.0025925343987789275	0.08695652173913043	0.05301788960966084	4	51	5.0	8.0	2.0	2.0
3	300	Bhlhe23	0.05351170568561873	0.0017844717290296515	0.07023411371237458	0.027384346030392137	2	55	19.0	13.0	5.0	7.0
3	300	Esrrg	0.023411371237458192	0.0007407241139368364	0.04013377926421405	0.012278063343134835	4	51	49.0	48.0	14.0	14.0
3	300	Evx2	0.03678929765886287	0.0011784247267176944	0.043478260869565216	0.024511234315728044	2	55	22.0	41.0	11.0	13.0
3	268	Lhx4	0.056179775280898875	0.002266903213088902	0.07116104868913858	0.05456055870012109	4	40	6.0	6.0	2.0	1.0
3	268	Otp	0.033707865168539325	0.004491565993635775	0.0599250936329588	0.026146827743516093	0	66	26.0	18.0	8.0	2.0
3	268	Lhx9	0.056179775280898875	0.0035622764777111316	0.07865168539325842	0.018768832192841655	3	46	38.0	5.0	1.0	1.0
3	268	Bhlhe23	0.04119850187265918	0.002069781194559432	0.0599250936329588	0.024598011883641687	1	52	29.0	18.0	6.0	7.0
3	268	Esrrg	0.02247191011235955	0.00035200360451691025	0.04119850187265918	0.022725352707611727	3	46	34.0	38.0	18.0	13.0
3	268	Evx2	0.04119850187265918	0.0028723494128579876	0.0449438202247191	0.012094843851201036	1	52	60.0	31.0	4.0	7.0
3	236	Lhx4	0.04680851063829787	0.0008547008547008547	0.06382978723404255	0.018585197308601566	4	28	39.0	9.0	3.0	1.0
3	236	Otp	0.03404255319148936	0.004909983633387889	0.04680851063829787	0.07104928168757957	0	58	6.0	28.0	9.0	1.0
3	236	Lhx9	0.055319148936170216	0.00452809601745772	0.06808510638297872	0.02955082742316785	2	46	24.0	5.0	1.0	2.0
3	236	Bhlhe23	0.04680851063829787	0.003164211674849973	0.055319148936170216	0.013820694671758503	1	52	48.0	18.0	4.0	9.0
3	236	Esrrg	0.02127659574468085	0.0010729223495180942	0.029787234042553193	0.009492635024549919	2	46	65.0	54.0	12.0	13.0
3	236	Evx2	0.0425531914893617	0.00287324968176032	0.0425531914893617	0.015984724495362795	1	52	42.0	33.0	6.0	10.0
3	209	Lhx4	0.04807692307692308	0.0013935340022296545	0.05288461538461539	0.059178743961352656	5	23	8.0	15.0	2.0	1.0
3	209	Otp	0.028846153846153848	0.0035302861389817915	0.038461538461538464	0.08142883686361947	0	49	5.0	34.0	6.0	1.0
3	209	Lhx9	0.04807692307692308	0.004343180973615756	0.05288461538461539	0.04069119286510591	1	40	13.0	15.0	1.0	1.0
3	209	Bhlhe23	0.03365384615384616	0.0008825715347454479	0.05288461538461539	0.019788182831661092	3	33	44.0	15.0	11.0	10.0
3	209	Esrrg	0.02403846153846154	0.0007896692679301375	0.03365384615384616	0.009986993682645856	1	40	67.0	44.0	13.0	12.0
3	209	Evx2	0.038461538461538464	0.0009986993682645857	0.04326923076923077	0.0133082497212932	3	33	60.0	24.0	10.0	7.0
3	184	Lhx4	0.04918032786885246	0.0020716987930102684	0.04918032786885246	0.012910586681078483	1	33	40.0	13.0	6.0	1.0
3	184	Otp	0.02185792349726776	0.00024019696150843692	0.0273224043715847	0.015913048699933947	5	20	35.0	47.0	5.0	1.0
3	184	Lhx9	0.03825136612021858	0.0028523389179126884	0.0546448087431694	0.053473848555815766	3	30	7.0	9.0	1.0	1.0
3	184	Bhlhe23	0.03825136612021858	0.0025520927160271423	0.04918032786885246	0.011289257190896535	2	33	43.0	13.0	8.0	6.0
3	184	Esrrg	0.01639344262295082	0.0001801477211313277	0.02185792349726776	0.007746352008647091	3	30	54.0	58.0	15.0	11.0
3	184	Evx2	0.03825136612021858	0.0016513541103705038	0.04371584699453552	0.021347504954062332	2	33	26.0	19.0	10.0	6.0
3	157	Lhx4	0.02564102564102564	0.0005789909015715467	0.03205128205128205	0.017576509511993382	1	33	37.0	37.0	5.0	4.0
3	157	Otp	0.019230769230769232	0.00024813895781637717	0.019230769230769232	0.012531017369727048	5	11	48.0	58.0	1.0	1.0
3	157	Lhx9	0.02564102564102564	0.0031017369727047144	0.038461538461538464	0.046856906534325886	2	31	14.0	27.0	6.0	9.0
3	157	Bhlhe23	0.03205128205128205	0.0014061207609594706	0.04487179487179487	0.009263854425144748	4	16	55.0	13.0	2.0	3.0
3	157	Esrrg	0.01282051282051282	0.0	0.019230769230769232	0.0	2	31	157.0	58.0	31.0	14.0
3	157	Evx2	0.03205128205128205	0.0013647642679900744	0.03205128205128205	0.007650951199338296	3	22	57.0	37.0	8.0	6.0
3	139	Lhx4	0.028985507246376812	0.0002115730455939913	0.036231884057971016	0.03628477731936951	6	11	20.0	22.0	3.0	3.0
3	139	Otp	0.014492753623188406	0.0005289326139849783	0.014492753623188406	0.009626573574526604	2	23	52.0	64.0	3.0	5.0
3	139	Lhx9	0.021739130434782608	0.0024330900243309	0.028985507246376812	0.017825029091293767	1	27	38.0	38.0	5.0	10.0
3	139	Bhlhe23	0.043478260869565216	0.002750449592721887	0.050724637681159424	0.02771606897281286	5	12	27.0	8.0	1.0	1.0
3	139	Esrrg	0.021739130434782608	0.0008462921823759652	0.021739130434782608	0.00439014069607532	1	27	60.0	50.0	12.0	10.0
3	139	Evx2	0.028985507246376812	0.0011107584893684545	0.036231884057971016	0.009415000528932613	3	19	54.0	22.0	5.0	8.0
3	101	Lhx4	0.04	0.0	0.05	0.0	5	9	101.0	15.0	9.0	1.0
3	101	Lhx9	0.03	0.00404040404040404	0.04	0.0695959595959596	2	21	11.0	24.0	7.0	7.0
3	101	Bhlhe23	0.03	0.002929292929292929	0.07	0.0708080808080808	4	11	10.0	4.0	1.0	3.0
3	101	Esrrg	0.03	0.00404040404040404	0.03	0.014545454545454545	2	21	40.0	38.0	7.0	7.0
3	101	Evx2	0.05	0.0036363636363636364	0.05	0.01919191919191919	0	24	35.0	15.0	6.0	4.0
3	92	Lhx4	0.04395604395604396	0.0	0.05494505494505495	0.0	5	8	92.0	8.0	8.0	1.0
3	92	Lhx9	0.02197802197802198	0.002564102564102564	0.03296703296703297	0.04957264957264957	1	19	15.0	29.0	7.0	8.0
3	92	Bhlhe23	0.04395604395604396	0.0062271062271062275	0.06593406593406594	0.0757020757020757	3	16	9.0	6.0	1.0	1.0
3	92	Esrrg	0.03296703296703297	0.004395604395604396	0.03296703296703297	0.014407814407814409	1	19	35.0	29.0	6.0	6.0
3	92	Evx2	0.04395604395604396	0.004517704517704517	0.04395604395604396	0.020634920634920634	0	23	27.0	13.0	8.0	5.0
3	85	Lhx4	0.03571428571428571	0.0	0.047619047619047616	0.0	5	8	85.0	8.0	8.0	2.0
3	85	Lhx9	0.023809523809523808	0.009466437177280549	0.023809523809523808	0.016924842226047045	1	18	27.0	44.0	3.0	9.0
3	85	Bhlhe23	0.047619047619047616	0.004016064257028112	0.07142857142857142	0.05407343660355708	3	11	12.0	4.0	1.0	1.0
3	85	Esrrg	0.023809523809523808	0.0025817555938037863	0.03571428571428571	0.03399311531841652	1	18	20.0	19.0	7.0	9.0
3	85	Evx2	0.03571428571428571	0.002294893861158921	0.03571428571428571	0.015347102696500286	2	18	29.0	19.0	6.0	5.0
3	74	Lhx4	0.0273972602739726	0.0	0.0273972602739726	0.0	5	7	74.0	34.0	7.0	3.0
3	74	Lhx9	0.0273972602739726	0.012557077625570776	0.0273972602739726	0.026445966514459664	0	18	11.0	34.0	1.0	8.0
3	74	Bhlhe23	0.0410958904109589	0.0028538812785388126	0.0821917808219178	0.05098934550989345	4	9	6.0	3.0	1.0	2.0
3	74	Esrrg	0.0410958904109589	0.006468797564687975	0.0410958904109589	0.015220700152207	0	18	17.0	11.0	4.0	2.0
3	74	Evx2	0.0136986301369863	0.004375951293759513	0.0136986301369863	0.07420091324200913	2	13	4.0	53.0	4.0	11.0
3	65	Lhx4	0.03125	0.0	0.03125	0.0	5	6	65.0	24.0	6.0	2.0
3	65	Lhx9	0.03125	0.002232142857142857	0.03125	0.023561507936507936	2	11	13.0	24.0	3.0	4.0
3	65	Bhlhe23	0.046875	0.00248015873015873	0.078125	0.0560515873015873	4	8	6.0	1.0	1.0	1.0
3	65	Esrrg	0.046875	0.00248015873015873	0.046875	0.014384920634920634	2	11	20.0	8.0	2.0	2.0
3	65	Evx2	0.015625	0.008432539682539682	0.015625	0.10664682539682539	0	14	3.0	48.0	3.0	11.0
4	498	Bhlhe23	0.10261569416498995	0.00045839553449730645	0.1971830985915493	0.01328130070747063	0	149	19.0	13.0	40.0	16.0
4	498	Otp	0.14285714285714288	0.0013386772246381515	0.28571428571428575	0.020007139611864736	1	123	5.0	2.0	10.0	2.0
4	498	Lhx9	0.15694164989939638	0.0012575452716297787	0.2494969818913481	0.00799555396897514	3	106	55.0	7.0	5.0	1.0
4	498	Esrrg	0.10865191146881288	0.0009938664243525671	0.15492957746478875	0.005780651651846563	3	106	72.0	32.0	9.0	11.0
4	498	Lhx4	0.1267605633802817	0.0018295255403388071	0.23340040241448695	0.014559128967352503	1	123	16.0	9.0	6.0	6.0
4	498	Evx2	0.07645875251509054	0.0008113195300837282	0.1488933601609658	0.015256863763224509	3	106	14.0	36.0	16.0	25.0
4	480	Bhlhe23	0.09185803757828809	0.0009128152269808963	0.17954070981210854	0.01925210296905163	0	141	9.0	14.0	32.0	16.0
4	480	Otp	0.15031315240083507	0.0028214288833954978	0.2588726513569937	0.014862728312995168	1	127	19.0	2.0	5.0	2.0
4	480	Lhx9	0.14196242171189977	0.0010962517797713158	0.22964509394572022	0.012395069924266908	3	95	30.0	5.0	7.0	1.0
4	480	Esrrg	0.09603340292275574	0.0010307387252033089	0.13569937369519833	0.009674094391209021	3	95	43.0	32.0	8.0	11.0
4	480	Lhx4	0.12734864300626303	0.003087848638638726	0.2171189979123173	0.019946541347472504	1	127	8.0	6.0	3.0	6.0
4	480	Evx2	0.06471816283924843	0.0002489496073584263	0.12108559498956158	0.013600510128318236	3	95	22.0	49.0	38.0	23.0
4	459	Bhlhe23	0.09170305676855894	0.0010845365159144985	0.1593886462882096	0.026110097178293983	0	129	5.0	14.0	25.0	18.0
4	459	Otp	0.13100436681222707	0.002904837892845881	0.2445414847161572	0.02289948687567485	1	112	6.0	2.0	2.0	2.0
4	459	Lhx9	0.14192139737991266	0.0023649584818399853	0.2096069868995633	0.014055975461764117	0	129	25.0	5.0	6.0	3.0
4	459	Esrrg	0.10917030567685589	0.003353941119700343	0.13100436681222707	0.015833277593571136	0	129	20.0	26.0	3.0	10.0
4	459	Lhx4	0.11353711790393012	0.0012374227208011238	0.19432314410480347	0.02062052688408359	1	112	8.0	7.0	7.0	4.0
4	459	Evx2	0.07860262008733623	0.0006211002073519153	0.10480349344978165	0.019879984329163998	0	129	10.0	56.0	45.0	27.0
4	440	Bhlhe23	0.10250569476082004	0.0013885855150248074	0.14350797266514806	0.024152026710768562	1	142	7.0	16.0	30.0	12.0
4	440	Otp	0.1594533029612756	0.006459262957531127	0.21412300683371296	0.018654892293610427	0	211	17.0	2.0	5.0	2.0
4	440	Lhx9	0.12528473804100226	0.0013989869046504614	0.1890660592255125	0.019939463912378694	2	87	15.0	4.0	6.0	1.0
4	440	Esrrg	0.0797266514806378	0.0013625820409606726	0.12300683371298404	0.012991335642441832	2	87	28.0	26.0	7.0	10.0
4	440	Lhx4	0.12756264236902048	0.00524230037132961	0.17539863325740318	0.022503406455102404	0	211	11.0	5.0	10.0	4.0
4	440	Evx2	0.04783599088838269	0.0003484465524594086	0.09111617312072892	0.022690631468364177	1	142	9.0	54.0	55.0	40.0
4	421	Bhlhe23	0.05238095238095239	0.00041481986589385155	0.12380952380952381	0.024889191953631096	4	53	7.0	17.0	8.0	13.0
4	421	Otp	0.09047619047619049	0.00493806114331174	0.19285714285714287	0.03483918627116718	0	127	1.0	1.0	2.0	2.0
4	421	Lhx9	0.10714285714285715	0.0010683032162745766	0.1619047619047619	0.01891123991362655	3	74	16.0	4.0	7.0	1.0
4	421	Esrrg	0.07380952380952381	0.000994431185361973	0.1142857142857143	0.022343448119104443	3	74	11.0	23.0	8.0	7.0
4	421	Lhx4	0.0642857142857143	0.0016535969996590522	0.14285714285714288	0.022780997840663713	1	87	10.0	7.0	6.0	4.0
4	421	Evx2	0.03333333333333334	0.00013637913399249915	0.08095238095238096	0.017501988862370723	4	53	19.0	53.0	18.0	18.0
4	406	Bhlhe23	0.06666666666666667	0.0016746119056350079	0.1037037037037037	0.028773988509962108	1	102	5.0	20.0	9.0	15.0
4	406	Otp	0.12098765432098765	0.005580002444688913	0.17530864197530863	0.04679134580124679	0	119	1.0	1.0	2.0	2.0
4	406	Lhx9	0.0962962962962963	0.0018396284072851729	0.16296296296296295	0.017008923114533676	1	102	21.0	3.0	8.0	4.0
4	406	Esrrg	0.06666666666666667	0.0030375259748197042	0.09876543209876543	0.026598215377093264	1	102	8.0	23.0	2.0	15.0
4	406	Lhx4	0.10123456790123457	0.006667889011123335	0.11604938271604938	0.014937049260481604	0	119	28.0	12.0	1.0	4.0
4	406	Evx2	0.05432098765432099	0.0010084341767510085	0.07654320987654321	0.025803691480259138	1	102	9.0	45.0	23.0	25.0
4	381	Bhlhe23	0.05789473684210526	0.0005624218858491876	0.09473684210526316	0.0183377308707124	4	54	23.0	20.0	9.0	9.0
4	381	Otp	0.09473684210526316	0.004506318566865713	0.15526315789473683	0.04576447715595056	0	97	2.0	1.0	2.0	2.0
4	381	Lhx9	0.08421052631578947	0.0013470351340091654	0.13421052631578947	0.016914317455908903	3	67	27.0	4.0	6.0	1.0
4	381	Esrrg	0.05263157894736842	0.0017358700180530482	0.09210526315789473	0.04019580613803639	3	67	3.0	22.0	4.0	7.0
4	381	Lhx4	0.07368421052631578	0.004582696847660047	0.10789473684210527	0.020698514095264547	0	97	14.0	11.0	1.0	4.0
4	381	Evx2	0.034210526315789476	0.0006943480072212193	0.06315789473684211	0.018830717955839467	4	54	20.0	53.0	6.0	20.0
4	360	Bhlhe23	0.055710306406685235	0.0004201615287655032	0.09192200557103064	0.018214780348889684	4	44	25.0	12.0	10.0	6.0
4	360	Otp	0.08356545961002786	0.003229019156253404	0.13649025069637882	0.042840914395978896	1	86	4.0	1.0	3.0	2.0
4	360	Lhx9	0.0947075208913649	0.0031356499276388476	0.1309192200557103	0.0191795957112401	2	75	22.0	2.0	2.0	1.0
4	360	Esrrg	0.04735376044568245	0.001766234574625356	0.0807799442896936	0.03069513390703537	2	75	8.0	24.0	9.0	10.0
4	360	Lhx4	0.06963788300835655	0.003229019156253404	0.08913649025069638	0.02039339568322933	1	86	20.0	17.0	3.0	4.0
4	360	Evx2	0.019498607242339833	0.00026454614774124274	0.04456824512534819	0.009305799785250774	4	44	61.0	68.0	16.0	21.0
4	341	Bhlhe23	0.052941176470588235	0.000329689397883047	0.07058823529411765	0.02040603852160333	4	47	23.0	29.0	18.0	7.0
4	341	Otp	0.09117647058823529	0.004962693041818497	0.12058823529411765	0.07699115044247787	0	89	1.0	2.0	2.0	1.0
4	341	Lhx9	0.07352941176470588	0.003019260801665799	0.12058823529411765	0.0183151136560819	2	65	28.0	2.0	2.0	1.0
4	341	Esrrg	0.041176470588235294	0.002073572791948638	0.07941176470588235	0.036048932847475276	2	65	6.0	15.0	4.0	7.0
4	341	Lhx4	0.061764705882352944	0.004407426687489155	0.07647058823529412	0.04134999132396321	0	89	3.0	21.0	3.0	4.0
4	341	Evx2	0.01764705882352941	6.073225750477182e-05	0.041176470588235294	0.008875585632483082	4	47	68.0	64.0	26.0	24.0
4	325	Bhlhe23	0.037037037037037035	0.0009459924320605435	0.06172839506172839	0.02688911822038757	4	39	16.0	25.0	4.0	7.0
4	325	Otp	0.08024691358024691	0.005188625157665405	0.10185185185185185	0.09570767878301417	2	69	1.0	2.0	2.0	1.0
4	325	Lhx9	0.08950617283950617	0.003783969728242174	0.10802469135802469	0.02014294996751137	0	84	30.0	1.0	3.0	1.0
4	325	Esrrg	0.05864197530864197	0.003019531399304361	0.07716049382716049	0.04856094484577456	0	84	4.0	13.0	6.0	7.0
4	325	Lhx4	0.04938271604938271	0.004729962160302717	0.06172839506172839	0.05971218896915491	2	69	2.0	25.0	3.0	3.0
4	325	Evx2	0.015432098765432098	0.00015288766578756258	0.040123456790123455	0.02157627183426977	4	39	26.0	57.0	19.0	17.0
4	299	Bhlhe23	0.0436241610738255	0.0012428535918468805	0.060402684563758385	0.03744378912164147	3	48	9.0	19.0	9.0	7.0
4	299	Otp	0.05704697986577181	0.005864009219713918	0.08053691275167785	0.14304114975255913	0	73	1.0	7.0	2.0	2.0
4	299	Lhx9	0.0738255033557047	0.007016473459426479	0.1040268456375839	0.03172666259914582	2	64	13.0	1.0	1.0	1.0
4	299	Esrrg	0.03691275167785235	0.0027681739091135063	0.06375838926174497	0.08068379544889612	2	64	2.0	17.0	5.0	6.0
4	299	Lhx4	0.03691275167785235	0.0052877770998576365	0.0436241610738255	0.0465166203421237	0	73	6.0	45.0	3.0	6.0
4	299	Evx2	0.020134228187919462	0.00016948003525184732	0.03691275167785235	0.0038302487966917495	3	48	107.0	56.0	24.0	20.0
4	276	Bhlhe23	0.03272727272727273	0.0006635700066357001	0.04727272727272727	0.007657597876575979	3	44	79.0	30.0	16.0	10.0
4	276	Otp	0.04363636363636364	0.006171201061712011	0.06909090909090909	0.13794293297942933	1	60	1.0	8.0	2.0	3.0
4	276	Lhx9	0.07636363636363637	0.007020570670205706	0.09818181818181818	0.05332448573324486	0	66	8.0	1.0	1.0	1.0
4	276	Esrrg	0.04	0.0017916390179163902	0.05818181818181818	0.12914399469143995	0	66	2.0	16.0	16.0	5.0
4	276	Lhx4	0.025454545454545455	0.0034903782349037823	0.03636363636363636	0.05009953550099536	1	60	9.0	43.0	5.0	5.0
4	276	Evx2	0.01818181818181818	0.00030524220305242205	0.02909090909090909	0.003662906436629064	3	44	104.0	61.0	22.0	20.0
4	258	Bhlhe23	0.03501945525291829	0.0016415369649805448	0.04669260700389105	0.016126580739299613	1	56	50.0	26.0	16.0	11.0
4	258	Otp	0.04669260700389105	0.006915734435797665	0.05058365758754864	0.06768300097276264	2	49	5.0	19.0	1.0	2.0
4	258	Lhx9	0.06614785992217899	0.007569309338521401	0.07782101167315175	0.0479693579766537	0	67	14.0	4.0	1.0	1.0
4	258	Esrrg	0.042801556420233464	0.0036630593385214008	0.054474708171206226	0.04196558852140078	0	67	16.0	14.0	8.0	5.0
4	258	Lhx4	0.027237354085603113	0.0034806663424124516	0.03501945525291829	0.08081529669260701	2	49	2.0	42.0	3.0	5.0
4	258	Evx2	0.01556420233463035	0.0004407830739299611	0.023346303501945526	0.007234922178988327	1	56	74.0	63.0	26.0	21.0
4	231	Bhlhe23	0.030434782608695653	0.0020505031327131195	0.0391304347826087	0.017619138029238656	1	46	37.0	29.0	10.0	12.0
4	231	Otp	0.043478260869565216	0.0078033035883804825	0.043478260869565216	0.03542813745965445	2	42	13.0	23.0	1.0	3.0
4	231	Lhx9	0.06086956521739131	0.00489842415037023	0.07391304347826087	0.05731915701537878	0	56	4.0	3.0	5.0	1.0
4	231	Esrrg	0.026086956521739132	0.0034554775014239607	0.034782608695652174	0.03322574520599962	0	56	19.0	39.0	11.0	14.0
4	231	Lhx4	0.026086956521739132	0.0032276438200113918	0.026086956521739132	0.030434782608695653	2	42	23.0	54.0	4.0	5.0
4	231	Evx2	0.017391304347826087	0.0003227643820011392	0.021739130434782608	0.009303208657679893	1	46	63.0	61.0	26.0	19.0
4	203	Bhlhe23	0.019801980198019802	0.0007388798581350672	0.0297029702970297	0.011748189744347569	3	30	42.0	42.0	13.0	13.0
4	203	Otp	0.034653465346534656	0.007832126496231714	0.034653465346534656	0.04768238017831634	1	44	11.0	32.0	1.0	4.0
4	203	Lhx9	0.06930693069306931	0.008226195753903749	0.07920792079207921	0.0779518250332496	0	50	4.0	2.0	1.0	1.0
4	203	Esrrg	0.0297029702970297	0.0016255356878971479	0.034653465346534656	0.011280232500862027	0	50	46.0	32.0	14.0	10.0
4	203	Lhx4	0.024752475247524754	0.0033003300330033004	0.024752475247524754	0.027190778779370477	1	44	26.0	47.0	6.0	5.0
4	203	Evx2	0.019801980198019802	0.0	0.019801980198019802	0.006846953352051623	3	30	60.0	60.0	30.0	13.0
4	164	Bhlhe23	0.024539877300613498	0.0018556388699537984	0.03067484662576687	0.028175414678482166	3	30	21.0	36.0	10.0	12.0
4	164	Otp	0.03680981595092025	0.004847383170491555	0.03680981595092025	0.04059683405286677	1	39	14.0	30.0	1.0	3.0
4	164	Lhx9	0.0736196319018405	0.008785881996515943	0.08588957055214724	0.09228963114443688	0	43	2.0	4.0	2.0	1.0
4	164	Esrrg	0.03067484662576687	0.0024236915852457776	0.03067484662576687	0.008217829281223965	0	43	59.0	36.0	13.0	10.0
4	164	Lhx4	0.024539877300613498	0.0028402635764598954	0.024539877300613498	0.016397788381428465	1	39	38.0	48.0	4.0	6.0
4	164	Evx2	0.024539877300613498	0.0001514807240778611	0.024539877300613498	0.013406044080890708	3	30	42.0	48.0	19.0	12.0
4	151	Bhlhe23	0.013333333333333334	0.0011633109619686801	0.02666666666666667	0.008814317673378076	3	31	52.0	44.0	12.0	18.0
4	151	Otp	0.03333333333333333	0.005727069351230425	0.03333333333333333	0.033154362416107384	0	44	19.0	31.0	2.0	3.0
4	151	Lhx9	0.060000000000000005	0.004250559284116331	0.08666666666666667	0.08348993288590605	2	32	4.0	3.0	3.0	2.0
4	151	Esrrg	0.03333333333333333	0.0033557046979865775	0.03333333333333333	0.014541387024608502	2	32	42.0	31.0	5.0	8.0
4	151	Lhx4	0.02666666666666667	0.003982102908277405	0.02666666666666667	0.018031319910514543	0	44	34.0	44.0	3.0	5.0
4	151	Evx2	0.02666666666666667	0.001029082774049217	0.02666666666666667	0.00854586129753915	3	31	53.0	44.0	13.0	11.0
4	132	Bhlhe23	0.015267175572519083	0.0030534351145038168	0.022900763358778626	0.026012918379330594	2	31	25.0	46.0	12.0	18.0
4	132	Otp	0.030534351145038167	0.002759835584263065	0.030534351145038167	0.05061655901350558	3	18	12.0	33.0	1.0	2.0
4	132	Lhx9	0.06870229007633588	0.009630064591896652	0.08396946564885496	0.059365825014679977	0	36	9.0	2.0	2.0	1.0
4	132	Esrrg	0.022900763358778626	0.0031708749266001176	0.022900763358778626	0.002759835584263065	0	36	62.0	46.0	12.0	15.0
4	132	Lhx4	0.015267175572519083	0.0017028772753963594	0.015267175572519083	0.011274221961244862	3	18	44.0	63.0	3.0	6.0
4	132	Evx2	0.022900763358778626	0.00011743981209630065	0.022900763358778626	0.011920140927774516	2	31	43.0	46.0	21.0	13.0
4	120	Bhlhe23	0.0	0.0	0.01680672268907563	0.02976783933912548	1	24	20.0	57.0	24.0	24.0
4	120	Otp	0.03361344537815126	0.00042728955989175326	0.03361344537815126	0.014599059962968237	3	12	38.0	22.0	1.0	1.0
4	120	Lhx9	0.058823529411764705	0.007762427004700184	0.07563025210084033	0.07591511180743483	0	31	5.0	3.0	2.0	2.0
4	120	Esrrg	0.025210084033613446	0.004700185158809286	0.025210084033613446	0.010112519584104827	0	31	44.0	37.0	4.0	10.0
4	120	Lhx4	0.008403361344537815	0.0	0.008403361344537815	0.0	3	12	120.0	84.0	12.0	6.0
4	120	Evx2	0.025210084033613446	0.0007121492664862555	0.025210084033613446	0.05640222190571143	1	24	10.0	37.0	13.0	9.0
4	102	Bhlhe23	0.0	0.0	0.019801980198019802	0.0402970297029703	3	15	9.0	47.0	15.0	15.0
4	102	Otp	0.0297029702970297	0.0005940594059405942	0.0297029702970297	0.0008910891089108911	2	15	48.0	27.0	1.0	2.0
4	102	Lhx9	0.06930693069306931	0.011683168316831683	0.07920792079207921	0.04227722772277228	0	26	8.0	2.0	1.0	1.0
4	102	Esrrg	0.0297029702970297	0.005346534653465347	0.0297029702970297	0.005940594059405941	0	26	41.0	27.0	6.0	7.0
4	102	Lhx4	0.009900990099009901	0.0	0.009900990099009901	0.0	2	15	102.0	75.0	15.0	8.0
4	102	Evx2	0.019801980198019802	0.0005940594059405942	0.0297029702970297	0.0030693069306930694	6	8	44.0	27.0	3.0	5.0
5	474	Bhlhe23	0.08668076109936576	0.0008868742609381159	0.15010570824524314	0.01705217328985559	2	145	9.0	27.0	33.0	25.0
5	474	Otp	0.1416490486257928	0.002947289210592325	0.2452431289640592	0.017836026803311	0	174	7.0	4.0	7.0	3.0
5	474	Lhx9	0.18816067653276958	0.002812914322571398	0.24101479915433405	0.015789049342458884	1	155	13.0	6.0	9.0	2.0
5	474	Esrrg	0.11627906976744186	0.0019439567133694056	0.14587737843551798	0.013486759594367006	1	155	23.0	29.0	16.0	17.0
5	474	Evx2	0.0718816067653277	0.0007121869065109113	0.13530655391120508	0.007283118930734225	2	145	64.0	36.0	41.0	34.0
5	474	Lhx4	0.10570824524312897	0.002006664994445838	0.23255813953488372	0.01623696563586197	0	174	11.0	7.0	15.0	10.0
5	460	Bhlhe23	0.07407407407407408	0.001688691002844612	0.13507625272331156	0.027418633634919275	0	138	4.0	25.0	18.0	27.0
5	460	Otp	0.09368191721132899	0.0016220947379436976	0.20915032679738566	0.01884674296695874	1	130	16.0	5.0	14.0	17.0
5	460	Lhx9	0.17429193899782136	0.004395353483460342	0.22004357298474947	0.024711971154303545	1	130	6.0	4.0	2.0	1.0
5	460	Esrrg	0.10239651416122006	0.001997887947027428	0.12854030501089325	0.01128806690070497	1	130	33.0	30.0	8.0	12.0
5	460	Evx2	0.056644880174291944	0.0005803388798508244	0.11111111111111112	0.010441342961250488	0	138	36.0	43.0	42.0	37.0
5	460	Lhx4	0.09150326797385622	0.0010750539905433304	0.19389978213507628	0.012049167071001132	1	130	31.0	8.0	28.0	18.0
5	441	Bhlhe23	0.06818181818181818	0.0018378546282874302	0.125	0.02581279768067923	0	127	7.0	22.0	13.0	25.0
5	441	Otp	0.09545454545454544	0.001335680265065231	0.17045454545454544	0.017684820873886932	2	99	15.0	8.0	8.0	5.0
5	441	Lhx9	0.13636363636363635	0.0029405674052598884	0.19772727272727272	0.02010250569476082	3	97	11.0	3.0	1.0	1.0
5	441	Esrrg	0.07272727272727272	0.001113066887554359	0.10909090909090909	0.009701801615241252	3	97	48.0	32.0	12.0	14.0
5	441	Evx2	0.05454545454545454	0.0015790018637399047	0.10454545454545454	0.01592979913025471	0	127	20.0	34.0	19.0	34.0
5	441	Lhx4	0.10681818181818181	0.0014806378132118452	0.17272727272727273	0.016711534479188238	2	99	18.0	7.0	6.0	3.0
5	421	Bhlhe23	0.05476190476190477	0.0006250710307989545	0.10952380952380954	0.04012387771337652	3	50	3.0	23.0	4.0	10.0
5	421	Otp	0.1	0.006637117854301625	0.14761904761904762	0.029401068303216274	0	195	6.0	8.0	5.0	5.0
5	421	Lhx9	0.1285714285714286	0.0016535969996590522	0.1761904761904762	0.01800772815092624	1	97	15.0	3.0	9.0	1.0
5	421	Esrrg	0.06904761904761905	0.0014660756904193658	0.09761904761904763	0.016064325491533128	1	97	23.0	33.0	12.0	10.0
5	421	Evx2	0.05238095238095239	0.0004886918968064552	0.09285714285714286	0.0139618138424821	3	50	25.0	37.0	8.0	12.0
5	421	Lhx4	0.10238095238095239	0.007927037163314013	0.15714285714285717	0.027133765200590975	0	195	7.0	7.0	2.0	3.0
5	405	Bhlhe23	0.05693069306930693	0.0013512517504852223	0.09900990099009901	0.03658207011768174	4	51	4.0	22.0	1.0	7.0
5	405	Otp	0.07425742574257425	0.0037896469547699188	0.13613861386138615	0.05285236960420608	1	96	1.0	7.0	2.0	4.0
5	405	Lhx9	0.12128712871287128	0.0024138269906395105	0.1707920792079208	0.02468491266000049	2	77	11.0	1.0	1.0	1.0
5	405	Esrrg	0.0594059405940594	0.0006633417684200182	0.08663366336633664	0.02574748790015478	2	77	10.0	30.0	14.0	12.0
5	405	Evx2	0.04455445544554455	0.00038694936491167725	0.08415841584158416	0.020582020981254452	4	51	19.0	32.0	12.0	14.0
5	405	Lhx4	0.07425742574257425	0.0004545119524359384	0.13861386138613863	0.03703658207011768	1	96	2.0	5.0	19.0	4.0
5	385	Bhlhe23	0.05989583333333333	0.0016046562228024368	0.08854166666666666	0.03910329634464752	4	55	3.0	21.0	1.0	7.0
5	385	Otp	0.0625	0.00229819408181027	0.1171875	0.058889523498694515	1	87	1.0	6.0	3.0	3.0
5	385	Lhx9	0.109375	0.0036036771105308965	0.1484375	0.02721116187989556	2	76	8.0	1.0	2.0	1.0
5	385	Esrrg	0.049479166666666664	0.0002855744125326371	0.0703125	0.005867874238468233	2	76	82.0	34.0	28.0	11.0
5	385	Evx2	0.041666666666666664	0.00029237380330722365	0.07552083333333333	0.022172813315926892	4	55	17.0	30.0	17.0	16.0
5	385	Lhx4	0.0703125	0.0011898933855526545	0.11197916666666666	0.03541802654482158	1	87	4.0	8.0	8.0	2.0
5	364	Bhlhe23	0.05234159779614325	0.0012480404243337443	0.06887052341597796	0.020691597035142992	3	57	23.0	29.0	3.0	8.0
5	364	Otp	0.05234159779614325	0.004482291523979118	0.10192837465564739	0.06307170144437849	0	110	1.0	7.0	5.0	2.0
5	364	Lhx9	0.10743801652892562	0.005608571906914449	0.1322314049586777	0.02396389814772537	1	87	16.0	1.0	1.0	1.0
5	364	Esrrg	0.049586776859504134	0.0008523202897888986	0.06611570247933884	0.013462094577112156	1	87	36.0	33.0	17.0	11.0
5	364	Evx2	0.04132231404958678	0.00031962010867083693	0.06611570247933884	0.022731077728566428	3	57	19.0	33.0	20.0	16.0
5	364	Lhx4	0.03856749311294766	0.0005022601707684581	0.09366391184573003	0.026338218954994445	4	49	13.0	11.0	4.0	3.0
5	329	Bhlhe23	0.04573170731707317	0.0006712911165808906	0.06097560975609756	0.009659133288580594	2	53	61.0	32.0	9.0	11.0
5	329	Otp	0.07317073170731708	0.009976131871410459	0.09146341463414634	0.05542813455657493	0	147	1.0	7.0	4.0	2.0
5	329	Lhx9	0.10060975609756098	0.005463563809950027	0.12804878048780488	0.021705079436115465	1	76	21.0	1.0	1.0	1.0
5	329	Esrrg	0.04878048780487805	0.0015849929141493252	0.0701219512195122	0.0321753561572313	1	76	14.0	23.0	10.0	7.0
5	329	Evx2	0.039634146341463415	0.0003542925337510256	0.0701219512195122	0.038142388304617	2	53	8.0	23.0	19.0	16.0
5	329	Lhx4	0.054878048780487805	0.00952860446035653	0.07317073170731708	0.03317296934437235	0	147	13.0	18.0	6.0	4.0
5	306	Bhlhe23	0.04590163934426229	0.00046376186367558237	0.05901639344262295	0.012284296807592751	2	47	48.0	25.0	15.0	8.0
5	306	Otp	0.04918032786885246	0.006632873166522864	0.06557377049180328	0.04053062985332183	0	115	9.0	18.0	5.0	3.0
5	306	Lhx9	0.06229508196721312	0.0014775668679896461	0.1180327868852459	0.033121225194132874	3	43	14.0	1.0	4.0	1.0
5	306	Esrrg	0.04262295081967213	0.00044219154443485764	0.06885245901639345	0.03843830888697153	3	43	11.0	16.0	9.0	7.0
5	306	Evx2	0.036065573770491806	0.0005176876617773944	0.06885245901639345	0.04021786022433132	2	47	10.0	16.0	14.0	16.0
5	306	Lhx4	0.04262295081967213	0.00973899913718723	0.05573770491803279	0.04941760138050043	0	115	6.0	29.0	3.0	5.0
5	282	Bhlhe23	0.03914590747330961	0.0005210981189628876	0.05338078291814946	0.016243009659379765	3	49	30.0	27.0	19.0	12.0
5	282	Otp	0.05338078291814946	0.0038002033553634976	0.06405693950177936	0.034633960345704116	0	64	12.0	16.0	4.0	5.0
5	282	Lhx9	0.05693950177935943	0.0017158108795119471	0.11032028469750889	0.04734367056431113	0	64	9.0	1.0	11.0	2.0
5	282	Esrrg	0.03558718861209964	0.0005083884087442806	0.060498220640569395	0.04470005083884087	0	64	10.0	18.0	18.0	12.0
5	282	Evx2	0.042704626334519574	0.0010676156583629892	0.06405693950177936	0.023894255210981187	3	49	16.0	16.0	11.0	10.0
5	282	Lhx4	0.03914590747330961	0.001804778851042196	0.05693950177935943	0.06518810371123539	0	64	5.0	20.0	10.0	10.0
5	257	Bhlhe23	0.04296875	0.0011488970588235295	0.0546875	0.02466299019607843	2	45	26.0	20.0	8.0	10.0
5	257	Otp	0.0390625	0.003155637254901961	0.0546875	0.05119485294117647	4	42	6.0	20.0	1.0	2.0
5	257	Lhx9	0.0859375	0.007643995098039215	0.1015625	0.05949754901960784	0	61	5.0	1.0	1.0	1.0
5	257	Esrrg	0.03515625	0.0010263480392156863	0.05078125	0.030254289215686275	0	61	18.0	23.0	18.0	7.0
5	257	Evx2	0.0390625	0.0008118872549019607	0.0546875	0.019270833333333334	2	45	31.0	20.0	13.0	13.0
5	257	Lhx4	0.03125	0.0016697303921568627	0.046875	0.035876225490196076	4	42	14.0	31.0	5.0	5.0
5	236	Bhlhe23	0.04680851063829787	0.0018185124568103291	0.055319148936170216	0.03742498636115658	1	43	15.0	12.0	8.0	5.0
5	236	Otp	0.025531914893617023	0.001982178577923259	0.05106382978723405	0.053100563738861614	3	38	8.0	17.0	3.0	4.0
5	236	Lhx9	0.04680851063829787	0.0016366612111292963	0.09361702127659574	0.048481542098563375	2	41	9.0	1.0	8.0	2.0
5	236	Esrrg	0.029787234042553193	0.0008547008547008547	0.0425531914893617	0.03549736315693763	2	41	19.0	25.0	14.0	12.0
5	236	Evx2	0.02127659574468085	0.0014002545917439534	0.03404255319148936	0.020621931260229133	1	43	34.0	44.0	13.0	20.0
5	236	Lhx4	0.029787234042553193	0.002054919076195672	0.03829787234042553	0.06475722858701582	3	38	4.0	35.0	2.0	3.0
5	203	Bhlhe23	0.04455445544554455	0.0025860795034727355	0.04950495049504951	0.04977587310969903	2	34	10.0	20.0	4.0	8.0
5	203	Otp	0.0297029702970297	0.002758484803704251	0.04950495049504951	0.056499679818728145	4	31	6.0	20.0	1.0	4.0
5	203	Lhx9	0.054455445544554455	0.003595881976257327	0.07920792079207921	0.043446135658341954	1	42	14.0	4.0	4.0	1.0
5	203	Esrrg	0.034653465346534656	0.0016255356878971479	0.04950495049504951	0.052485099256194274	1	42	8.0	20.0	9.0	6.0
5	203	Evx2	0.019801980198019802	0.0010344318013890941	0.034653465346534656	0.018816807053839712	2	34	35.0	39.0	13.0	19.0
5	203	Lhx4	0.034653465346534656	0.0024136742032412196	0.034653465346534656	0.04807644943598838	4	31	12.0	39.0	2.0	1.0
5	166	Bhlhe23	0.048484848484848485	0.004582409460458241	0.05454545454545454	0.06075388026607539	2	32	7.0	12.0	2.0	3.0
5	166	Otp	0.030303030303030304	0.0015521064301552106	0.048484848484848485	0.046747967479674794	3	21	13.0	18.0	2.0	2.0
5	166	Lhx9	0.04242424242424243	0.0015521064301552106	0.06666666666666667	0.051626016260162604	1	33	10.0	7.0	9.0	2.0
5	166	Esrrg	0.03636363636363636	0.0022912047302291205	0.048484848484848485	0.05055432372505543	1	33	11.0	18.0	7.0	6.0
5	166	Evx2	0.01818181818181818	0.00022172949002217295	0.024242424242424242	0.0024390243902439024	2	32	75.0	55.0	22.0	19.0
5	166	Lhx4	0.01818181818181818	0.0012195121951219512	0.024242424242424242	0.020694752402069475	3	21	30.0	55.0	3.0	4.0
5	135	Bhlhe23	0.029850746268656716	0.00230052743799798	0.05223880597014925	0.057344854673998434	4	15	11.0	14.0	1.0	5.0
5	135	Otp	0.04477611940298507	0.0046571653013129845	0.04477611940298507	0.04230726068903602	2	29	20.0	20.0	1.0	2.0
5	135	Lhx9	0.05223880597014925	0.0013466502076085738	0.05970149253731343	0.043148917068791384	1	31	18.0	10.0	13.0	2.0
5	135	Esrrg	0.03731343283582089	0.009650993154528113	0.04477611940298507	0.15015149814835596	1	31	1.0	20.0	1.0	4.0
5	135	Evx2	0.022388059701492536	0.00028055212658511955	0.022388059701492536	0.00230052743799798	3	17	72.0	54.0	12.0	10.0
5	135	Lhx4	0.022388059701492536	0.0022444170126809564	0.022388059701492536	0.027101335428122545	2	29	34.0	54.0	4.0	5.0
5	114	Bhlhe23	0.035398230088495575	0.0029235145385587864	0.04424778761061947	0.03603034134007586	4	14	31.0	21.0	1.0	4.0
5	114	Otp	0.04424778761061947	0.001422250316055626	0.04424778761061947	0.015012642225031608	2	19	49.0	21.0	2.0	1.0
5	114	Lhx9	0.061946902654867256	0.00877054361567636	0.07079646017699115	0.13716814159292037	0	25	3.0	5.0	1.0	2.0
5	114	Esrrg	0.017699115044247787	0.001027180783817952	0.02654867256637168	0.04717130214917826	0	25	20.0	44.0	12.0	9.0
5	114	Evx2	0.017699115044247787	0.0003160556257901391	0.017699115044247787	0.00023704171934260432	3	18	69.0	56.0	8.0	9.0
5	114	Lhx4	0.02654867256637168	0.0015012642225031606	0.02654867256637168	0.016987989886219978	2	19	47.0	44.0	1.0	4.0
5	105	Bhlhe23	0.028846153846153848	0.002987303958177745	0.028846153846153848	0.021844660194174758	4	14	25.0	34.0	1.0	5.0
5	105	Otp	0.04807692307692308	0.0010268857356235997	0.04807692307692308	0.007654966392830471	2	15	41.0	15.0	1.0	1.0
5	105	Lhx9	0.038461538461538464	0.0006534727408513816	0.04807692307692308	0.007654966392830471	5	12	41.0	15.0	2.0	1.0
5	105	Esrrg	0.0	0.0	0.009615384615384616	0.0023338312173263633	5	12	50.0	74.0	12.0	12.0
5	105	Evx2	0.019230769230769232	0.0	0.019230769230769232	0.0	1	20	105.0	49.0	20.0	9.0
5	105	Lhx4	0.028846153846153848	0.0005601194921583271	0.028846153846153848	0.0005601194921583271	2	15	54.0	34.0	2.0	3.0
5	97	Bhlhe23	0.010416666666666666	0.0	0.020833333333333332	0.0038377192982456143	5	6	43.0	42.0	6.0	5.0
5	97	Otp	0.041666666666666664	0.0	0.041666666666666664	0.0	0	22	97.0	18.0	22.0	4.0
5	97	Lhx9	0.041666666666666664	0.0	0.05208333333333333	0.0	3	13	97.0	11.0	13.0	1.0
5	97	Esrrg	0.010416666666666666	0.0003289473684210526	0.010416666666666666	0.000986842105263158	3	13	51.0	67.0	4.0	8.0
5	97	Evx2	0.020833333333333332	0.0	0.020833333333333332	0.0	2	20	97.0	42.0	20.0	11.0
5	97	Lhx4	0.020833333333333332	0.0	0.020833333333333332	0.0	6	5	97.0	42.0	5.0	1.0
5	88	Bhlhe23	0.011494252873563218	0.0	0.011494252873563218	0.0	2	11	88.0	58.0	11.0	9.0
5	88	Otp	0.04597701149425287	0.0	0.04597701149425287	0.0	6	9	88.0	12.0	9.0	1.0
5	88	Lhx9	0.04597701149425287	0.0	0.05747126436781609	0.0	3	11	88.0	6.0	11.0	1.0
5	88	Esrrg	0.0	0.0	0.0	0.0	3	11	88.0	88.0	11.0	11.0
5	88	Evx2	0.0	0.0	0.0	0.0	4	11	88.0	88.0	11.0	11.0
5	88	Lhx4	0.022988505747126436	0.0	0.022988505747126436	0.0	5	11	88.0	36.0	11.0	4.0
5	77	Bhlhe23	0.013157894736842105	0.0	0.013157894736842105	0.0	8	6	77.0	48.0	6.0	5.0
5	77	Otp	0.05263157894736842	0.0	0.05263157894736842	0.0	2	10	77.0	7.0	10.0	1.0
5	77	Lhx9	0.05263157894736842	0.0	0.06578947368421052	0.0	5	7	77.0	2.0	7.0	1.0
5	77	Esrrg	0.0	0.0	0.0	0.0	5	7	77.0	77.0	7.0	7.0
5	77	Evx2	0.0	0.0	0.0	0.0	3	10	77.0	77.0	10.0	10.0
