treatment	run	threshold	component	nodes	edges	sigma	dominating_size	alpha	xmin	exp_r	exp_p	logn_r	logn_p
Ngn2p	1	0.3	positive	641	6771	2.73039506056894	296	5.99042162445323	61.0	-2.4081755409943466	0.007292387671583184	-4.125081164996302	0.1536231203141029	
Ngn2p	1	0.31842105263157894	positive	609	5466	2.9025080523321733	275	8.638480833251698	61.0	-0.6387542677995883	0.2633469076911381	-0.8575486584235699	0.5115956392298098	
Ngn2p	1	0.3368421052631579	positive	579	4411	3.0823212896732337	270	8.604099189915868	55.0	-0.7526529842520295	0.026464494380683747	-1.8497883052554798	0.28998960156995823	
Ngn2p	1	0.35526315789473684	positive	534	3528	3.1734451923745652	238	5.04867948558089	36.0	-3.418663489610691	6.636310796415899e-05	-5.6981942791932605	0.024651167355308354	
Ngn2p	1	0.3736842105263158	positive	490	2807	3.5136406277524896	246	4.792582054298119	30.0	-2.9213656496872056	0.00369727762648226	-3.567522809181983	0.07902886606848013	
Ngn2p	1	0.39210526315789473	positive	458	2236	3.23233288757781	235	3.3762954018972398	19.0	-8.118491299514734	2.9747781034698184e-06	-9.826737951758627	0.004175118638932987	
Ngn2p	1	0.4105263157894737	positive	413	1784	3.64615553722021	217	3.7438584964262946	19.0	-4.259470338865726	0.002217362618604124	-4.554813383119622	0.04505816603309904	
Ngn2p	1	0.42894736842105263	positive	390	1455	3.393083305425187	216	3.5469120579582785	15.0	-3.423430118785044	0.0469129426888863	-2.870209483234345	0.10303245430182235	
Ngn2p	1	0.4473684210526316	positive	347	1159	4.0473644670467435	192	3.258964263240028	12.0	-4.050052378376828	0.03325543873981619	-3.434174787157066	0.07956167849686813	
Ngn2p	1	0.46578947368421053	positive	303	921	3.633725148267706	168	3.1690490700905043	10.0	-3.0873710474331526	0.12987823512307164	-2.50121955020415	0.12555814873858417	
Ngn2p	1	0.4842105263157895	positive	263	724	3.1531260899477784	153	2.922351428871689	8.0	-3.9335529984984046	0.06303940713207641	-3.283060025838522	0.07805412786104014	
Ngn2p	1	0.5026315789473684	positive	224	558	2.966548734418	129	2.735196391731556	6.0	-3.1081229170958498	0.19995991165040017	-2.87588867371226	0.08697655261670446	
Ngn2p	1	0.5210526315789474	positive	191	455	3.004293854234367	110	6.624996811067947	16.0	-0.05637268857133315	0.8646304018279095	-0.050285353832357105	0.7804664794604675	
Ngn2p	1	0.5394736842105263	positive	131	316	2.557283727355266	75	2.3318733721855365	4.0	-4.351514185264969	0.10664534545374132	-3.743120345158814	0.058727795800071494	
Ngn2p	1	0.5578947368421052	positive	99	245	1.763963626164581	56	2.1207122727229066	3.0	-6.170553606055384	0.04232288423829743	-5.419961119210926	0.02629217470506525	
Ngn2p	1	0.5763157894736842	positive	72	184	1.6420979936027915	41	5.205189790501478	11.0	-0.2766460570528566	0.49782836263063746	-0.2584922214372227	0.6063249164623012	
Ngn2p	1	0.5947368421052632	positive	35	61	1.2850402442409103	23	2.0829751855205694	2.0	-4.448978168185398	0.01159857031254568	-4.018559275474814	0.06550494288810053	
Ngn2p	1	0.6131578947368421	positive	27	76	0.8270055113288427	16	5.493131470337357	9.0	0.09193988836403633	0.7762867582010171	-0.003949632533525316	0.9440949203215921	
Ngn2p	1	0.631578947368421	positive	26	67	1.0146666666666668	15	4.736974221817999	8.0	0.061481721606874595	0.8854261025959713	-0.009717286092216337	0.7698781085446937	
Ngn2p	1	0.65	positive	22	50	0.9203703703703704	11	2.879776064603584	4.0	-0.7132810246738843	0.4000699903757763	-0.6679868550374399	0.4137399377029233	
Ngn2p	2	0.3	positive	655	7105	2.7837343193099358	280	1.7785458955773403	7.0	-79.24370651878996	3.6781109912563095e-11	-66.44588532006028	2.003821701462157e-12	
Ngn2p	2	0.31842105263157894	positive	610	5705	2.914032449054846	274	8.626297469095086	59.0	-0.19060142500275568	0.7304619762713171	-0.2750226561543685	0.774082454788353	
Ngn2p	2	0.3368421052631579	positive	570	4631	3.032700022500924	267	7.851064574391735	50.0	-1.2806262337762653	0.01622674372171202	-2.0686019888189775	0.1842700042078047	
Ngn2p	2	0.35526315789473684	positive	529	3678	3.077484739751247	251	7.28191776089886	43.0	-1.2697064694488915	0.01896891251908564	-2.0907543258622465	0.20291535657543291	
Ngn2p	2	0.3736842105263158	positive	499	3002	3.468110473734458	231	8.485396358649343	41.0	-0.45004977566513094	0.287991277691069	-0.5556329640941251	0.5290765724798063	
Ngn2p	2	0.39210526315789473	positive	471	2422	3.4673237922633753	234	6.214627288276767	33.0	-1.3041295821320433	0.030029274596831013	-2.056082335272243	0.24539503264818374	
Ngn2p	2	0.4105263157894737	positive	423	1886	3.696906785456715	207	7.8686985334143245	33.0	-0.4357621571188819	0.21535335482224316	-0.6135010866467634	0.4865802641710669	
Ngn2p	2	0.42894736842105263	positive	378	1509	3.70568753623815	195	10.064830062578368	33.0	-0.28392205467909415	0.13127552568861547	-0.29667486800381093	7.389197577911399e-05	
Ngn2p	2	0.4473684210526316	positive	352	1217	3.9215006636558893	183	9.03583316966225	31.0	-0.035008533945855014	0.8487308125441257	-0.03134420179760822	0.8247647454886305	
Ngn2p	2	0.46578947368421053	positive	311	986	3.8307551791532912	171	7.180495369992511	27.0	-0.071509520530177	0.7819751845857723	-0.06590060039079915	0.7685131814420085	
Ngn2p	2	0.4842105263157895	positive	281	820	3.4098266208519226	159	2.9661654093280108	10.0	-3.8841279997028346	0.03249408945325276	-3.4749489052687146	0.07847838902502086	
Ngn2p	2	0.5026315789473684	positive	221	629	3.0994903285381326	133	7.442804475018	22.0	0.0223263075976885	0.9386191226356145	-0.007656619489922134	0.9075070620206329	
Ngn2p	2	0.5210526315789474	positive	206	524	4.053828743423235	123	8.085253413817803	21.0	-0.13164283774997876	0.5494767965445313	-0.13755857983312336	0.7166884434664267	
Ngn2p	2	0.5394736842105263	positive	137	372	2.6487836299222955	83	6.499061833133484	18.0	-0.2099756015001435	0.4247508897208153	-0.23307315748208368	0.6221625704360881	
Ngn2p	2	0.5578947368421052	positive	114	294	2.677053661756581	65	8.105721763108756	17.0	0.0028971292162580653	0.9839281189661824	-0.007828548977528493	0.8758568169815931	
Ngn2p	2	0.5763157894736842	positive	91	227	1.9050964728041346	52	8.5555166908868	15.0	-0.04404627117817639	0.7015182976670019	-0.039746855197282605	0.7586984768671355	
Ngn2p	2	0.5947368421052632	positive	84	191	2.8050157047506867	55	8.54617646706066	14.0	-0.10211509373490957	0.33764987790806056	-0.14524532065089724	0.6345719306263409	
Ngn2p	2	0.6131578947368421	positive	72	159	1.8339272496563392	51	4.492384939096233	9.0	-0.3636690368575277	0.5358940624203377	-0.2902654617180189	0.6143779367152065	
Ngn2p	2	0.631578947368421	positive	36	87	1.3094194234090606	21	1.5658063335739687	1.0	-3.1251515291164575	0.42588893223336555	-4.054218434093375	0.019302053227031393	
Ngn2p	2	0.65	positive	31	68	1.0839663172366385	21	10.087903386816635	11.0	-0.10133930555508197	0.0007526262546920355	-0.3570916759130147	0.5303370612038816	
Ngn2p	3	0.3	positive	617	6068	2.7692496776857145	255	5.41582155934409	52.0	-3.228330244879365	0.001649007505809602	-4.815683095993706	0.07577172935750295	
Ngn2p	3	0.31842105263157894	positive	587	4803	2.8845297250877064	267	5.681676008579576	47.0	-2.805092230504217	0.00048288653022669303	-4.874264641480377	0.06113141005408403	
Ngn2p	3	0.3368421052631579	positive	555	3840	2.8558132675306704	263	7.610768434477873	47.0	-0.7600038726274723	0.15710121194419496	-0.9673309156975178	0.41066481486314954	
Ngn2p	3	0.35526315789473684	positive	516	3011	3.2669456149007305	262	5.072823074093925	34.0	-2.5904000550355932	0.0013661878420721436	-3.920776006111855	0.06867064731736419	
Ngn2p	3	0.3736842105263158	positive	478	2364	3.3406485722882815	242	1.6198347480490471	2.0	-43.636797302428235	0.0022969732230260233	-51.00343202021361	9.045290555365653e-11	
Ngn2p	3	0.39210526315789473	positive	434	1895	3.351156358467109	228	4.0129286462101454	22.0	-3.3763100559775743	0.005155296043331033	-3.7711604939158465	0.08048302414523917	
Ngn2p	3	0.4105263157894737	positive	376	1516	3.1891037468181427	204	4.3140551946386205	23.0	-2.0145440962677896	0.013911221584813746	-2.5190693954204244	0.13275050037487143	
Ngn2p	3	0.42894736842105263	positive	339	1207	3.5612052544882116	179	9.423641807795555	33.0	-0.1335591785945649	0.43835937702641037	-0.18026164161704794	0.6611204420041553	
Ngn2p	3	0.4473684210526316	positive	299	958	3.8765744787992347	160	3.7866959588931146	16.0	-2.268826183517107	0.020309128850711598	-2.5175477174299377	0.137078640143559	
Ngn2p	3	0.46578947368421053	positive	261	766	3.1356194813704263	140	2.7021371339245333	7.0	-2.8021070109755026	0.3507858975086624	-2.7586713856136806	0.1207577716662764	
Ngn2p	3	0.4842105263157895	positive	207	585	2.71196056196933	119	2.4742817916417623	5.0	-1.3391998903375963	0.7042165408856687	-2.5498043526902405	0.11519416927163369	
Ngn2p	3	0.5026315789473684	positive	177	471	2.39272353556799	107	2.4213885383872586	5.0	-3.947697562932361	0.17661014735791425	-3.5062871867256273	0.07377351739566945	
Ngn2p	3	0.5210526315789474	positive	118	344	2.0621865679968394	65	2.2724017005235755	4.0	-4.873568205479181	0.11161272668819863	-4.274227900385227	0.050862546437044354	
Ngn2p	3	0.5394736842105263	positive	110	283	1.8958885706139192	63	2.3458573182989224	4.0	-3.337018234643546	0.2306785805807373	-2.8201396104653575	0.11793821665737914	
Ngn2p	3	0.5578947368421052	positive	83	211	2.006292990591123	46	4.339999641538991	10.0	-1.1347204213314979	0.024591682741500625	-1.801996167759745	0.21461781487506837	
Ngn2p	3	0.5763157894736842	positive	75	170	1.6219722093950715	47	3.231357352191734	6.0	-0.6998184353747163	0.5932984349918033	-0.5118037604935013	0.5026541332206569	
Ngn2p	3	0.5947368421052632	positive	63	139	2.2341874250603126	37	4.630612051307846	9.0	-0.41769032767072933	0.36969896110464906	-0.4019971714129775	0.5698406687658815	
Ngn2p	3	0.6131578947368421	positive	31	43	1.77683765203596	20	2.936267139357729	3.0	-1.2751131232121982	0.08428227977652057	-1.2474733085271312	0.2821172894970174	
Ngn2p	3	0.631578947368421	positive	25	33	1.27818853974122	16	4.193522343636202	4.0	-0.5574489497162854	0.007191602846892199	-1.251385157282579	0.2866322842330332	
Ngn2p	3	0.65	positive	24	52	1.3951367781155013	14	3.8823297273538744	6.0	0.22451323881920837	0.7010327812048123	-0.008838059114936403	0.8754380217020084	
Ngn2p	4	0.3	positive	622	5880	2.8848328615530843	264	6.716907598505046	57.0	-1.8883471672309065	0.008677749604508764	-3.31428037525483	0.17053790107626365	
Ngn2p	4	0.31842105263157894	positive	593	4719	2.9614039647679324	274	5.973006490052006	47.0	-2.324882137348324	0.002471090844091489	-3.8168662360551027	0.09780277168845992	
Ngn2p	4	0.3368421052631579	positive	555	3757	3.115695516500672	274	5.164915817242806	37.0	-3.1390371159852424	0.001560026489323602	-4.426655907677139	0.07349562679667107	
Ngn2p	4	0.35526315789473684	positive	514	2958	3.2511761389134994	253	5.349001878054218	32.0	-1.9048997886032044	0.04706552682373255	-1.974628131223385	0.20396359610741444	
Ngn2p	4	0.3736842105263158	positive	465	2329	3.3883823642678883	243	5.213222520368531	29.0	-1.6851294309289844	0.03211326090636429	-1.9943375294689574	0.18392968697617917	
Ngn2p	4	0.39210526315789473	positive	417	1826	3.343568918386363	229	3.4806173177400113	17.0	-5.569046179051074	0.0015059479215785065	-5.598399606034866	0.030312113594032575	
Ngn2p	4	0.4105263157894737	positive	379	1443	3.7615717266068374	199	3.369227359164156	15.0	-4.552393440491815	0.008127617915092792	-4.244948028452962	0.059656238901033595	
Ngn2p	4	0.42894736842105263	positive	333	1144	3.7225783090992612	177	3.1816614514256787	12.0	-3.911695361695253	0.04223329521506099	-3.301267647212971	0.0866361297598593	
Ngn2p	4	0.4473684210526316	positive	296	900	2.9772630807607507	160	3.254131973689689	11.0	-2.1024769845952984	0.2604627797473007	-1.617136224021126	0.23130392911067577	
Ngn2p	4	0.46578947368421053	positive	251	696	3.2248768176374494	136	3.081557270982767	9.0	-1.835682930582113	0.38606115405701447	-1.4295851594302764	0.2816075647222033	
Ngn2p	4	0.4842105263157895	positive	193	527	3.148052075451121	107	2.7339760974419054	7.0	-4.787660413223551	0.020436181821781394	-4.145930564329407	0.059590400398303094	
Ngn2p	4	0.5026315789473684	positive	150	398	3.5099050028395884	80	2.4019481941927223	5.0	-6.452658813290803	0.010583446195384073	-5.528893898800402	0.032904419699968185	
Ngn2p	4	0.5210526315789474	positive	142	325	2.8815740788177897	82	2.2979339270225667	4.0	-6.087152465421321	0.023895746286156486	-5.026891111898593	0.032282756612389385	
Ngn2p	4	0.5394736842105263	positive	114	257	2.111747722928853	67	11.500873600046734	15.0	-0.06061347804604589	0.5312742936807353	-0.06820180955111965	0.7117887621999575	
Ngn2p	4	0.5578947368421052	positive	105	218	2.1369349197670684	62	8.644188690465255	13.0	-0.10535851752674508	0.47681685685841624	-0.10947745168440792	0.68189243269917	
Ngn2p	4	0.5763157894736842	positive	50	83	4.596110013675733	30	13.039003338578437	10.0	-0.0781412037807323	0.5049435692795394	-0.4179392773584766	0.351673345729429	
Ngn2p	4	0.5947368421052632	positive	32	77	1.4123610202746895	19	5.668662732763869	9.0	-0.30734443251094035	0.2107344168268378	-0.394334755526613	0.4919528903931235	
Ngn2p	4	0.6131578947368421	positive	28	58	1.1706382978723406	16	3.797319897859877	6.0	-0.5905514970956763	0.2032174908657367	-0.6664374342706317	0.4514490946894111	
Ngn2p	4	0.631578947368421	positive	25	37	1.263157894736842	14	2.3714258988344605	2.0	-2.1823818912849338	0.05322014475831797	-2.0359947360227575	0.14041739941914727	
Ngn2p	4	0.65	positive	23	29	inf	14	2.71608070353781	2.0	-0.4738001295275107	0.5180912119718968	-0.4702596895376311	0.11491713447676193	
Ngn2p	5	0.3	positive	612	5575	2.8556862206675437	261	8.411396589011597	62.0	-0.7036047477829905	0.11507678668562103	-1.118602382480109	0.3766166164359054	
Ngn2p	5	0.31842105263157894	positive	575	4443	2.9720404778459346	265	8.537158695644528	53.0	-0.43452567795648056	0.3054164585790946	-0.5837941365842894	0.5028386082825692	
Ngn2p	5	0.3368421052631579	positive	536	3507	3.249233034176199	253	4.586205078789769	34.0	-4.111993159722956	6.311332332051796e-05	-6.073908523827969	0.02254902198576957	
Ngn2p	5	0.35526315789473684	positive	491	2748	3.503723757338494	242	4.747177299188202	30.0	-2.6434370728976027	0.010869327623249513	-2.939016125320744	0.10839277532008874	
Ngn2p	5	0.3736842105263158	positive	454	2166	3.313053766768859	227	7.7728219816062225	37.0	-0.5074184416627401	0.08288743558905665	-0.8774973328308318	0.33169594636987676	
Ngn2p	5	0.39210526315789473	positive	397	1705	3.581925071440152	201	5.811866044301219	28.0	-0.8458729296673209	0.14171475733349437	-0.9601060144179221	0.3675148400082884	
Ngn2p	5	0.4105263157894737	positive	360	1333	3.406445618174447	192	4.35005221245304	20.0	-1.722495735476423	0.07262328222423989	-1.6814574974654244	0.20991376291700614	
Ngn2p	5	0.42894736842105263	positive	315	1053	3.393102582511792	167	2.5837531474894773	8.0	-7.668523554756998	0.012906217770128297	-6.529422957009555	0.018900529639269154	
Ngn2p	5	0.4473684210526316	positive	282	864	3.029341644806912	149	2.530501545997761	7.0	-6.550018146638083	0.03063469945082534	-5.555104624594029	0.026967364999935167	
Ngn2p	5	0.46578947368421053	positive	242	687	2.705803344281166	135	2.6060189294921416	7.0	-5.008880206556938	0.056764770485714634	-4.103985312877125	0.058472130901328724	
Ngn2p	5	0.4842105263157895	positive	204	543	2.8515414706536504	115	2.1787594893060014	4.0	-8.25033303996512	0.032366905203362745	-7.295397370583212	0.012127355706947276	
Ngn2p	5	0.5026315789473684	positive	171	433	2.9177250134073045	97	1.8546849832798635	2.0	-9.608321029592348	0.10782038120940395	-10.945693021934458	0.001640393456154565	
Ngn2p	5	0.5210526315789474	positive	134	311	1.9945251434130633	74	1.886373803162964	2.0	-10.17512645401316	0.03503540980682543	-9.991015628033168	0.0025976331012562684	
Ngn2p	5	0.5394736842105263	positive	108	239	1.8195343760456049	67	1.929137018802253	2.0	-6.423290272905931	0.13234978953410131	-6.370551483502243	0.014152974225815596	
Ngn2p	5	0.5578947368421052	positive	90	197	1.9493595534917043	55	1.9027491091310003	2.0	-7.852853862640597	0.03856035932105259	-6.737938834563661	0.01502496408312354	
Ngn2p	5	0.5763157894736842	positive	57	141	1.368408203125	32	3.7652491596746973	8.0	-0.7984260762538056	0.3319820988612837	-0.623609682824481	0.5147006620832273	
Ngn2p	5	0.5947368421052632	positive	54	116	1.3488848151542927	28	10.890417996781386	12.0	-0.09362879554909531	0.001137030946623696	-0.3513684146706755	0.5333617948774088	
Ngn2p	5	0.6131578947368421	positive	29	65	1.252772466539197	16	12.183509884882527	10.0	-0.13772481268108988	0.1697401799206505	-0.9605535981117688	0.24594405846668677	
Ngn2p	5	0.631578947368421	positive	27	52	1.0544421003281763	15	6.9253426130687075	7.0	-0.21488716365078164	0.12792545382604878	-0.34990139303277945	0.5037618643500963	
Ngn2p	5	0.65	positive	23	45	1.1887442572741194	11	5.437295291724201	6.0	-0.17167390198413957	0.42240632168996783	-0.16404210444439382	0.5945252405145423	
