treatment	run	threshold	component	nodes	edges	sigma	dominating_size	alpha	xmin	exp_r	exp_p	logn_r	logn_p
Ngn2n	1	0.24	positive	640	6479	1.8522246507854163	361	6.2229410867002715	88.0	-0.6234808171144519	0.32939262928439006	-0.5565277134866453	0.47561923402566264	
Ngn2n	1	0.26421052631578945	positive	540	4730	1.9933156464250443	302	2.0930325489240182	14.0	-25.908628885941077	1.6585644736158397e-05	-21.871087881066334	2.5642603425835083e-05	
Ngn2n	1	0.2884210526315789	positive	458	3463	2.2055421849541808	270	2.0727513821210275	11.0	-20.733252810231694	0.0007637661037025643	-17.05792758054658	0.0002501529977392895	
Ngn2n	1	0.31263157894736837	positive	391	2589	2.215719000865969	225	8.271006179137359	51.0	-0.483004109985516	0.25357460918732233	-0.6157533170858112	0.49175029131920645	
Ngn2n	1	0.3368421052631579	positive	332	1936	2.3147168584721336	190	1.8882341529065634	5.0	-12.67543014356821	0.10614986033381041	-14.444695147314167	0.0005937041773272578	
Ngn2n	1	0.36105263157894735	positive	292	1474	2.1663492486851905	168	6.086181219246061	36.0	-0.577262103988665	0.23543575542352535	-0.6344569941011011	0.4492448830554291	
Ngn2n	1	0.3852631578947368	positive	243	1138	2.1607377169534883	123	6.133724586870157	32.0	-0.28748251241229084	0.511338563897477	-0.2527805968404919	0.6020788690149808	
Ngn2n	1	0.4094736842105263	positive	195	853	2.047652355384867	107	4.8637795618217865	23.0	-1.0900794799365063	0.11543933295544849	-1.1777094964165244	0.31196356556303184	
Ngn2n	1	0.4336842105263158	positive	168	672	2.0296757402165304	88	6.885563265974639	25.0	-0.38173911780530245	0.23258933912014013	-0.4808961947821526	0.4736554847435669	
Ngn2n	1	0.45789473684210524	positive	136	525	2.079929586856213	69	8.399804916980571	23.0	-0.1967647977853264	0.4157860621023656	-0.2407753184946122	0.6290631860178235	
Ngn2n	1	0.4821052631578947	positive	117	409	2.107703973846027	60	9.940909552264396	21.0	-0.21025001648870956	0.07167580793428953	-0.5733776918729461	0.4294722634572731	
Ngn2n	1	0.5063157894736842	positive	103	323	1.7080215984268372	63	1.5047255980526149	1.0	-14.392151098367751	0.061661605263088025	-15.819112646372417	8.072324026367493e-05	
Ngn2n	1	0.5305263157894736	positive	90	254	2.231126087809985	54	2.1846925350216626	4.0	-6.613903301188265	0.015941787523114016	-5.381071047472691	0.05549353009392254	
Ngn2n	1	0.5547368421052631	positive	81	212	1.820375748902078	47	6.520443226643487	13.0	-0.47468271245612415	0.04827030790046029	-1.0833223886662329	0.34128431999909714	
Ngn2n	1	0.5789473684210527	positive	69	169	1.6645458208733646	40	7.096064898426364	12.0	-0.1896488652816275	0.3888564335822309	-0.21483149873859841	0.6446055864381743	
Ngn2n	1	0.6031578947368421	positive	64	138	2.6069627597847873	40	11.69256638894871	13.0	-0.08665422499896303	0.002538464248026687	-0.34609587270496234	0.536575341174484	
Ngn2n	1	0.6273684210526316	positive	48	106	1.996283196451052	29	8.815419998466052	10.0	-0.17229691814064885	0.0004539697075651342	-0.5190971585515926	0.4700816910348562	
Ngn2n	1	0.651578947368421	positive	30	63	1.4069094622191969	16	4.17675669120112	6.0	-0.5887924806624716	0.18809489160173265	-0.6864208044186009	0.4477459662387667	
Ngn2n	1	0.6757894736842105	positive	27	46	1.2941176470588234	12	9.43039270007804	7.0	-0.1004561203587846	0.3327440093491675	-0.4402541942031635	0.34085885103719304	
Ngn2n	1	0.7	positive	24	36	1.2680334092634775	10	6.064071517548778	6.0	-0.17595098561280076	0.016937415762980045	-0.4131547952460679	0.5008251316563421	
Ngn2n	2	0.24	positive	539	4441	1.9833389014701237	319	2.058816041124091	12.0	-22.11569837476987	0.0008434554460734714	-18.96886738918698	6.746969783612049e-05	
Ngn2n	2	0.26421052631578945	positive	443	3137	2.116059109009557	255	1.920084510037762	7.0	-17.877156117237767	0.026982360732760637	-17.947228540699754	0.00012745101722090417	
Ngn2n	2	0.2884210526315789	positive	384	2312	2.3190301793539656	220	1.85577888105562	5.0	-14.91385260635733	0.08291331079915899	-16.929988602754175	0.0002100943727606997	
Ngn2n	2	0.31263157894736837	positive	332	1700	2.389780160295792	190	5.495403161484456	33.0	-1.1863176844931043	0.11762144871824019	-1.2227383526165947	0.3152714882325701	
Ngn2n	2	0.3368421052631579	positive	272	1227	2.1644365172457376	159	6.731284418178026	31.0	-0.3648238026828172	0.5116511343648951	-0.28660272203640447	0.6168560913401581	
Ngn2n	2	0.36105263157894735	positive	216	890	2.3833772374653646	122	4.609952238520675	22.0	-1.3752143039295985	0.08788028705631587	-1.4419252256532	0.2658813709401796	
Ngn2n	2	0.3852631578947368	positive	173	687	2.1744537349524533	100	1.4875690449244328	1.0	1.2544200153678373	0.9119625768339826	-18.276290548520763	2.844327286518003e-06	
Ngn2n	2	0.4094736842105263	positive	137	506	1.8961070451388224	79	7.599011530772766	23.0	-0.13806496880041608	0.5759418481165712	-0.129988724352877	0.6788405826953323	
Ngn2n	2	0.4336842105263158	positive	119	389	2.127351469458092	70	7.716991742660483	20.0	-0.147227757085167	0.5260837954636918	-0.14069621344505556	0.672125655439576	
Ngn2n	2	0.45789473684210524	positive	89	282	2.2886006343121816	48	9.25714572617806	18.0	-0.08433490756096806	0.46542483638382237	-0.09629322857821343	0.6780986436499398	
Ngn2n	2	0.4821052631578947	positive	77	220	1.9200893118412679	43	4.149849278633107	9.0	-0.8351535519068518	0.24784235457053883	-0.7542465358605202	0.4075535330409765	
Ngn2n	2	0.5063157894736842	positive	71	177	1.9812806376370509	42	4.158585920229498	8.0	-0.6555077408068848	0.3549087077525501	-0.5416069725480421	0.48751483177866717	
Ngn2n	2	0.5305263157894736	positive	57	132	1.8294996070212208	32	2.5540995164912546	4.0	-4.84962899813461	0.00043267274420942596	-5.724781192059913	0.0341669224442829	
Ngn2n	2	0.5547368421052631	positive	50	100	2.8489884393063583	28	4.432629000493224	6.0	-0.8360542764854054	0.04484936432419392	-1.2403239381614937	0.305727560675341	
Ngn2n	2	0.5789473684210527	positive	43	78	2.530029024335789	25	5.197469210535944	6.0	-0.26018850648547176	0.30937362117710987	-0.24513930345746016	0.5291185324535217	
Ngn2n	2	0.6031578947368421	positive	39	62	3.7714285714285714	23	10.303119997757992	7.0	-0.13234234668814715	0.5130678881300037	-0.3850138859548519	0.10872777415159952	
Ngn2n	3	0.24	positive	620	6544	1.8363500010491494	360	5.626925909885142	81.0	-1.5258896146511263	0.040787553694141575	-1.7776497567878966	0.19647252790777936	
Ngn2n	3	0.26421052631578945	positive	545	4813	2.001487256601136	326	6.921321963693129	72.0	-0.7916194052429493	0.14214861222418948	-0.8944795123991285	0.3522130248421752	
Ngn2n	3	0.2884210526315789	positive	468	3537	2.0749287411205373	261	1.9963117439940337	10.0	-26.29617275551599	3.4014540013781274e-05	-22.17869850547282	1.5615990233585338e-05	
Ngn2n	3	0.31263157894736837	positive	392	2587	2.261816741256548	222	1.9819505826968822	8.0	-20.99779407244636	0.0010344070865403654	-17.423176963228862	0.00015216071916047987	
Ngn2n	3	0.3368421052631579	positive	339	1969	2.235435740688152	199	1.590435912503168	2.0	-19.154355006273946	0.12990894156907792	-34.51982075155947	6.108842754085258e-08	
Ngn2n	3	0.36105263157894735	positive	290	1513	2.072092820072123	172	1.711131644304634	3.0	-20.08788401596712	0.0248482400837623	-21.818883430529805	2.0078194971272942e-05	
Ngn2n	3	0.3852631578947368	positive	233	1138	2.309018544943286	134	5.426023160906888	30.0	-0.9044465053083734	0.11447505438350448	-1.1726020990894592	0.34649195125416843	
Ngn2n	3	0.4094736842105263	positive	205	909	2.0246851674759996	112	8.360022097289672	35.0	-0.1499422229951346	0.49992927347013627	-0.1821056461594781	0.6930808670358319	
Ngn2n	3	0.4336842105263158	positive	176	722	2.1631303657905083	93	4.15360106371557	20.0	-1.5312768257871339	0.041791298184385865	-1.8306121156280257	0.21642526822212682	
Ngn2n	3	0.45789473684210524	positive	148	553	2.004098871153971	80	4.594789626842857	18.0	-0.5170798427603422	0.47634591340040333	-0.388600803801352	0.5452039932193931	
Ngn2n	3	0.4821052631578947	positive	127	431	1.8303938723279338	72	3.1893340865813515	11.0	-2.7422446670580443	0.026103480091929355	-2.792332193939485	0.15337621209896213	
Ngn2n	3	0.5063157894736842	positive	111	335	1.927308406922611	61	9.250202692510783	22.0	-0.06228575537444159	0.6428283873158052	-0.06882391424520362	0.7918345635745004	
Ngn2n	3	0.5305263157894736	positive	98	264	2.027366110147441	54	6.360743393330319	17.0	-0.05660791026490353	0.8250394835971884	-0.04105085909620354	0.8320039417516379	
Ngn2n	3	0.5547368421052631	positive	80	199	1.9846612498303702	47	3.1710501202847836	7.0	-0.8927958885334735	0.47409860377427415	-0.6690325528442451	0.46365686686896257	
Ngn2n	3	0.5789473684210527	positive	68	154	2.215097636625748	39	2.4596553329790627	4.0	-3.1110997770253364	0.0766517165715659	-2.5871481132751373	0.12108411550682334	
Ngn2n	3	0.6031578947368421	positive	56	121	2.190786214705258	30	2.608459147750842	4.0	-2.5457540219416934	0.0683373237519007	-2.1622716333481025	0.138448175264637	
Ngn2n	3	0.6273684210526316	positive	50	100	1.3594771241830066	27	14.240857776483972	11.0	-0.056947922352641234	0.6356528222528561	-0.3967459967034206	0.37346607912505947	
Ngn2n	3	0.651578947368421	positive	27	48	2.6114130434782608	14	8.841874608314527	7.0	-0.18187166958861878	0.02125403786649646	-1.0047004550945609	0.23675954814147138	
Ngn2n	3	0.6757894736842105	positive	25	41	2.7153488372093024	12	2.8663951867227686	3.0	-1.4272785363465097	0.07158616312264061	-1.3828957970388895	0.24847794672583223	
Ngn2n	4	0.24	positive	500	4034	2.1315486019703185	293	7.8130698231696485	68.0	-0.8248154418439881	0.030805683996583733	-1.5755502974519113	0.2517174596405525	
Ngn2n	4	0.26421052631578945	positive	413	2846	2.292132637234433	226	1.9924087985791483	8.0	-19.346855815594775	0.004857897934259467	-17.055440029417852	0.0001988107987659042	
Ngn2n	4	0.2884210526315789	positive	344	2012	2.3420936120262326	186	1.8811654565752325	5.0	-15.195560014884197	0.052130888073913695	-16.150395063057587	0.00020871239785656372	
Ngn2n	4	0.31263157894736837	positive	287	1466	2.0957132404058614	150	1.765458684144852	3.0	-6.471449328286796	0.4835109069925907	-15.240124592158828	0.00027409335844031556	
Ngn2n	4	0.3368421052631579	positive	240	1090	1.9992204641390832	138	7.310285936798514	32.0	-0.3281382119797951	0.37380714226797374	-0.3502275706936029	0.5528149840577603	
Ngn2n	4	0.36105263157894735	positive	191	771	2.0839755490273366	105	5.854318654760396	25.0	-0.5291660898365376	0.25222969113089944	-0.5945476073967801	0.46763946758765385	
Ngn2n	4	0.3852631578947368	positive	163	589	2.307526727416231	92	7.001395200988563	25.0	-0.03596698158616274	0.9044783646826436	-0.035464589670490154	0.8369249275759123	
Ngn2n	4	0.4094736842105263	positive	121	437	2.2370949636430653	61	5.333725128898867	19.0	-0.6055800670974276	0.15494449064062607	-0.8222780457896866	0.4205373996207541	
Ngn2n	4	0.4336842105263158	positive	102	325	2.0550912561323806	57	3.4392590726992056	10.0	-1.563791633219508	0.17889441909389736	-1.3516405469174	0.31650540015769135	
Ngn2n	4	0.45789473684210524	positive	84	244	2.0474844460397224	44	6.863456580633412	15.0	-0.08315112204540753	0.7713908181277149	-0.058030113799180105	0.7831690074128289	
Ngn2n	4	0.4821052631578947	positive	71	189	1.8893782383419688	36	3.535033882226336	8.0	-1.0713142476127162	0.1970518108307424	-0.9633584183601533	0.3463788656860405	
Ngn2n	4	0.5063157894736842	positive	66	149	2.4157725545860647	36	4.771691304124806	9.0	-0.2248375670843472	0.6126641239022735	-0.1701454175161743	0.6599039369076882	
Ngn2n	4	0.5305263157894736	positive	57	115	1.9577742699289662	32	3.15859230462705	5.0	-0.433259514055953	0.6734639639432121	-0.44831900636811817	0.4588390918098685	
Ngn2n	4	0.5547368421052631	positive	48	88	1.4787059787059789	23	3.6921312057611524	5.0	-0.5577807839569104	0.3866651895859722	-0.4768309652349292	0.4454408447027579	
Ngn2n	4	0.5789473684210527	positive	30	42	2.511184755592378	15	2.514442220017389	2.0	-1.04114367149116	0.36125200953158676	-1.0018156633719242	0.1788361674165161	
Ngn2n	4	0.6031578947368421	positive	20	30	1.525557011795544	10	2.539383853718327	2.0	-0.5624198049714573	0.5923630277718817	-0.559298343686998	0.24889301214238646	
Ngn2n	5	0.24	positive	627	6335	1.8385717396085555	385	6.0720977981923845	86.0	-0.791609968537867	0.23408603745350642	-0.7602678999296648	0.41151305244654335	
Ngn2n	5	0.26421052631578945	positive	540	4604	2.058171836769271	316	2.300620381449573	18.0	-17.52708384641079	0.00037717952117527265	-14.178444358082036	0.0006709638990797266	
Ngn2n	5	0.2884210526315789	positive	455	3377	2.1317279775486817	272	2.0388011612810626	10.0	-23.038437686372642	0.0002318138414740655	-19.71165692563136	4.7247073353099355e-05	
Ngn2n	5	0.31263157894736837	positive	379	2460	2.173487440870631	212	2.038006489295803	9.0	-20.361899668498765	0.0003292064601158543	-16.686434920391047	0.0002630682999516516	
Ngn2n	5	0.3368421052631579	positive	335	1849	2.2328676855974874	192	1.9319545622537313	6.0	-17.448651773541307	0.0078479154758598	-15.230281784639665	0.000537955681284432	
Ngn2n	5	0.36105263157894735	positive	275	1384	2.343651298513276	154	4.548613741612503	29.0	-2.0132251731429505	0.010813079104253909	-2.8723729836948566	0.14696973955524534	
Ngn2n	5	0.3852631578947368	positive	226	1049	2.2478160371738345	117	1.6167645725198287	2.0	-20.460075262398355	0.029385683266595124	-22.998982831803374	1.4359013577822729e-05	
Ngn2n	5	0.4094736842105263	positive	196	827	2.467836850581633	98	9.586077681625296	32.0	0.03311805175444049	0.888226902424468	-0.017393690771673187	0.4913983503428354	
Ngn2n	5	0.4336842105263158	positive	174	657	2.120489751398886	90	5.558992918545968	21.0	-0.4030872498936924	0.4659631311805026	-0.364599576591607	0.5272110079395109	
Ngn2n	5	0.45789473684210524	positive	137	496	2.032336197938769	75	4.451240011110542	17.0	-1.3515257140850343	0.020367247037465234	-1.9515734021201192	0.18553538258536917	
Ngn2n	5	0.4821052631578947	positive	120	387	2.2601834769601226	66	10.132733822998729	22.0	0.013861210705263138	0.937330157159779	-0.0012948016400262663	0.9656135757712001	
Ngn2n	5	0.5063157894736842	positive	92	288	1.937704553925648	53	5.793097315459974	15.0	-0.5057050981281634	0.13380149928676902	-0.750699486839624	0.41125362354056016	
Ngn2n	5	0.5305263157894736	positive	80	231	1.9202333096870812	42	11.597721125451798	17.0	0.006390875466586454	0.9246797744683587	0.010115384359255963	0.7719345677701057	
Ngn2n	5	0.5547368421052631	positive	64	165	1.9982842393523566	34	9.754445628379615	14.0	-0.06107008116360646	0.36279204579273217	-0.07829497555330978	0.6694322782095398	
Ngn2n	5	0.5789473684210527	positive	57	129	1.5977117880229885	30	5.059746934661716	9.0	-0.24272962115523944	0.5271418631082471	-0.2012674227954505	0.6475755747551066	
Ngn2n	5	0.6031578947368421	positive	50	100	1.2699425477847752	25	3.525901245530627	6.0	-0.7174920635713478	0.28359766396415453	-0.6642159911998391	0.44295705637349214	
Ngn2n	5	0.6273684210526316	positive	27	56	1.4705521472392638	16	3.8066094123177843	5.0	-0.16249395153926371	0.7671105211071876	-0.1521356790854097	0.6327119879643601	
Ngn2n	5	0.651578947368421	positive	27	44	0.9825367647058825	16	3.4858123902764517	4.0	-0.6282977889914698	0.17398708334943014	-0.6258690760432648	0.3546719836206571	
Ngn2n	5	0.6757894736842105	positive	25	33	inf	16	2.430045448302165	2.0	-0.9205910812798392	0.41714468779034564	-0.8694786172681952	0.28532095965143767	
Ngn2n	5	0.7	positive	24	28	0.8694835680751173	15	2.682760175218624	2.0	-0.3266066100685928	0.7420109354144959	-0.46581785028654343	0.36929514406967334	
